# Number of terms of type 'Single' = 9568
0	1
1	3
2	6
3	47
4	50
5	70
6	101
7	110
8	151
9	157
10	163
11	216
12	223
13	231
14	235
15	260
16	296
17	316
18	333
19	349
20	356
21	362
22	367
23	423
24	441
25	457
26	480
27	500
28	527
29	543
30	552
31	553
32	590
33	592
34	593
35	596
36	608
37	648
38	661
39	673
40	733
41	736
42	780
43	804
44	919
45	923
46	940
47	943
48	954
49	1009
50	1023
51	1024
52	1025
53	1029
54	1030
55	1031
56	1032
57	1042
58	1049
59	1060
60	1073
61	1080
62	1089
63	1090
64	1092
65	1219
66	1220
67	1222
68	1224
69	1226
70	1240
71	1256
72	1258
73	1265
74	1270
75	1275
76	1278
77	1282
78	1291
79	1298
80	1348
81	1377
82	1396
83	1408
84	1445
85	1473
86	1500
87	1517
88	1552
89	1573
90	1580
91	1587
92	1617
93	1620
94	1625
95	1644
96	1676
97	1732
98	1777
99	1793
100	1804
101	1805
102	1920
103	1927
104	1954
105	1967
106	2000
107	2005
108	2012
109	2018
110	2028
111	2033
112	2046
113	2048
114	2054
115	2058
116	2078
117	2090
118	2093
119	2094
120	2096
121	2099
122	2105
123	2115
124	2116
125	2137
126	2139
127	2141
128	2143
129	2161
130	2174
131	2193
132	2253
133	2268
134	2273
135	2291
136	2329
137	2338
138	2353
139	2366
140	2387
141	2389
142	2395
143	2406
144	2414
145	2427
146	2450
147	2459
148	2470
149	2478
150	2492
151	2502
152	2528
153	2529
154	2542
155	2571
156	2580
157	2596
158	2616
159	2617
160	2628
161	2640
162	2641
163	2644
164	2648
165	2654
166	2657
167	2692
168	2700
169	2716
170	2761
171	2797
172	2826
173	2858
174	2872
175	2899
176	2916
177	2944
178	2947
179	2948
180	2949
181	2959
182	2985
183	2987
184	2991
185	2993
186	2997
187	3033
188	3034
189	3052
190	3053
191	3062
192	3147
193	3168
194	3176
195	3243
196	3247
197	3253
198	3273
199	3386
200	3439
201	3440
202	3441
203	3448
204	3450
205	3479
206	3489
207	3527
208	3578
209	3617
210	3639
211	3671
212	3702
213	3703
214	3729
215	3740
216	3744
217	3793
218	3809
219	4006
220	5060
221	318
222	1704
223	6874
224	8798
225	46970
226	48516
227	58559
228	60756
229	68157
230	71535
231	74458
232	77455
233	79132
234	80489
235	80906
236	86345
237	89774
238	91529
239	91658
240	99114
241	106782
242	109487
243	112552
244	31
245	647
246	688
247	720
248	849
249	914
250	1093
251	1124
252	1263
253	1272
254	1302
255	1371
256	2080
257	3024
258	3210
259	3949
260	4518
261	5048
262	5181
263	5746
264	5764
265	5919
266	6238
267	6835
268	7899
269	7991
270	26409
271	70946
272	72378
273	21
274	32
275	45
276	52
277	58
278	106
279	125
280	126
281	162
282	171
283	176
284	190
285	215
286	222
287	232
288	247
289	265
290	319
291	342
292	345
293	348
294	351
295	357
296	368
297	417
298	450
299	475
300	492
301	509
302	538
303	539
304	588
305	595
306	599
307	708
308	759
309	800
310	892
311	898
312	899
313	902
314	904
315	908
316	910
317	912
318	920
319	930
320	937
321	1046
322	1057
323	1077
324	1079
325	1084
326	1086
327	1094
328	1103
329	1136
330	1179
331	1183
332	1188
333	1196
334	1197
335	1198
336	1199
337	1203
338	1211
339	1213
340	1225
341	1250
342	1259
343	1266
344	1279
345	1283
346	1288
347	1304
348	1391
349	1449
350	1466
351	1597
352	1641
353	1719
354	1733
355	1734
356	1834
357	1860
358	1883
359	1885
360	1892
361	1895
362	1907
363	1914
364	1916
365	1923
366	1947
367	1966
368	1968
369	2019
370	2076
371	2109
372	2145
373	2150
374	2186
375	2203
376	2204
377	2282
378	2324
379	2336
380	2351
381	2359
382	2390
383	2467
384	2583
385	2599
386	2683
387	2712
388	2762
389	2763
390	2770
391	2791
392	2843
393	2874
394	2921
395	2926
396	2973
397	3044
398	3060
399	3079
400	3083
401	3160
402	3175
403	3204
404	3255
405	3317
406	3358
407	3365
408	3408
409	3481
410	3508
411	3538
412	3591
413	3788
414	3851
415	3897
416	3911
417	3967
418	3996
419	4002
420	4014
421	4020
422	4021
423	4027
424	4029
425	4033
426	4034
427	4074
428	4121
429	4144
430	4166
431	4226
432	4239
433	4246
434	4252
435	4260
436	4273
437	4308
438	4347
439	4381
440	4641
441	4741
442	4765
443	4881
444	4896
445	4902
446	4967
447	34
448	36
449	39
450	150
451	153
452	253
453	261
454	266
455	290
456	300
457	344
458	364
459	380
460	410
461	474
462	515
463	531
464	534
465	589
466	594
467	597
468	2
469	4
470	5
471	7
472	8
473	10
474	11
475	13
476	15
477	16
478	17
479	19
480	22
481	24
482	25
483	26
484	27
485	41
486	43
487	46
488	54
489	60
490	61
491	62
492	65
493	66
494	76
495	79
496	86
497	87
498	88
499	89
500	92
501	93
502	95
503	100
504	102
505	104
506	105
507	112
508	113
509	135
510	140
511	141
512	145
513	146
514	158
515	159
516	160
517	161
518	165
519	168
520	170
521	174
522	177
523	179
524	180
525	181
526	185
527	186
528	189
529	191
530	195
531	196
532	201
533	204
534	205
535	207
536	208
537	209
538	210
539	212
540	217
541	218
542	219
543	224
544	225
545	230
546	234
547	236
548	237
549	239
550	240
551	243
552	248
553	250
554	251
555	252
556	254
557	256
558	257
559	258
560	262
561	267
562	270
563	271
564	273
565	274
566	276
567	277
568	279
569	281
570	282
571	288
572	289
573	291
574	292
575	293
576	302
577	303
578	304
579	310
580	312
581	313
582	314
583	315
584	317
585	327
586	329
587	330
588	332
589	336
590	337
591	339
592	340
593	343
594	347
595	350
596	352
597	353
598	354
599	355
600	358
601	359
602	360
603	361
604	366
605	370
606	371
607	374
608	377
609	378
610	381
611	382
612	383
613	405
614	412
615	415
616	416
617	419
618	426
619	432
620	434
621	435
622	437
623	440
624	445
625	454
626	455
627	458
628	460
629	466
630	468
631	469
632	472
633	477
634	485
635	489
636	490
637	491
638	493
639	494
640	497
641	502
642	505
643	508
644	510
645	516
646	520
647	524
648	532
649	536
650	537
651	540
652	542
653	546
654	548
655	569
656	575
657	587
658	606
659	609
660	616
661	628
662	631
663	637
664	640
665	662
666	667
667	694
668	697
669	700
670	704
671	709
672	710
673	711
674	719
675	747
676	762
677	765
678	775
679	783
680	795
681	799
682	801
683	802
684	818
685	830
686	835
687	837
688	838
689	839
690	842
691	848
692	852
693	867
694	880
695	881
696	888
697	891
698	979
699	981
700	986
701	991
702	996
703	999
704	1004
705	1006
706	1061
707	1064
708	1082
709	750
710	924
711	1101
712	1208
713	1210
714	1246
715	1584
716	1610
717	1682
718	1784
719	1917
720	2671
721	2688
722	2701
723	2717
724	3114
725	3354
726	3623
727	3869
728	3916
729	3977
730	3994
731	4018
732	4223
733	4306
734	4310
735	4370
736	4643
737	4700
738	4844
739	4874
740	4886
741	4963
742	4993
743	4995
744	5218
745	5349
746	5378
747	5445
748	5459
749	5464
750	5502
751	5618
752	5816
753	5952
754	5989
755	5991
756	6333
757	6365
758	6534
759	6539
760	6863
761	6934
762	7143
763	7153
764	7155
765	7445
766	8207
767	8360
768	8368
769	8373
770	8528
771	8636
772	8665
773	8666
774	8783
775	8808
776	8865
777	8870
778	8907
779	8908
780	8949
781	8957
782	8958
783	8961
784	8965
785	8970
786	8972
787	8984
788	27741
789	30812
790	30816
791	31878
792	32029
793	32031
794	32296
795	32587
796	33162
797	33493
798	33794
799	33836
800	34048
801	34319
802	37741
803	38388
804	42002
805	45499
806	45517
807	45668
808	45730
809	46530
810	48783
811	48997
812	49272
813	49278
814	49286
815	49824
816	586
817	187
818	627
819	922
820	1037
821	1095
822	1674
823	1987
824	2011
825	2023
826	2300
827	2877
828	2901
829	3173
830	3328
831	3735
832	4131
833	4558
834	5447
835	5451
836	5481
837	5507
838	5841
839	5843
840	5872
841	5890
842	5891
843	5893
844	5902
845	5956
846	5962
847	5965
848	5988
849	6001
850	6044
851	1028
852	1088
853	1247
854	1307
855	3882
856	4447
857	5066
858	5377
859	5620
860	5943
861	5957
862	6155
863	6266
864	6377
865	6535
866	6942
867	7149
868	7151
869	7154
870	7169
871	7293
872	7375
873	7451
874	7458
875	8529
876	8533
877	8869
878	8969
879	30749
880	31433
881	31685
882	33145
883	33679
884	40629
885	40819
886	41285
887	47099
888	51662
889	51705
890	51834
891	54286
892	56367
893	56949
894	58047
895	59333
896	59421
897	60397
898	60950
899	61250
900	63113
901	63992
902	64969
903	66203
904	68954
905	69406
906	69844
907	70183
908	70293
909	71579
910	72011
911	72330
912	72407
913	72720
914	72737
915	72998
916	73017
917	74450
918	77841
919	78772
920	79091
921	80549
922	81784
923	81845
924	81847
925	82167
926	82499
927	84374
928	86548
929	87222
930	88163
931	88810
932	91104
933	92259
934	94070
935	95167
936	95449
937	95510
938	95543
939	96079
940	97024
941	97938
942	98203
943	103335
944	103339
945	104374
946	105211
947	106489
948	106696
949	107141
950	109374
951	109853
952	112006
953	113275
954	113394
955	119145
956	129428
957	136020
958	137595
959	140110
960	44
961	376
962	511
963	529
964	1100
965	1358
966	1370
967	1385
968	1438
969	1518
970	1586
971	1604
972	1608
973	1616
974	1687
975	1693
976	1721
977	1840
978	1882
979	1918
980	2002
981	2027
982	1357
983	1405
984	1876
985	2072
986	2100
987	2421
988	2485
989	2572
990	2581
991	2694
992	3668
993	305
994	1173
995	1590
996	1619
997	1639
998	2541
999	3300
1000	3409
1001	3513
1002	3624
1003	3717
1004	3753
1005	3798
1006	3827
1007	3863
1008	3893
1009	3952
1010	4011
1011	4148
1012	193
1013	448
1014	784
1015	172
1016	858
1017	1200
1018	1214
1019	1347
1020	1527
1021	1653
1022	1909
1023	2001
1024	2081
1025	2085
1026	2278
1027	3156
1028	3499
1029	3510
1030	3535
1031	3555
1032	4022
1033	4720
1034	5971
1035	6502
1036	7254
1037	7438
1038	8644
1039	48304
1040	48774
1041	48780
1042	50872
1043	56174
1044	59315
1045	60069
1046	63859
1047	64614
1048	68237
1049	69757
1050	70286
1051	71057
1052	71264
1053	84152
1054	84954
1055	85414
1056	89745
1057	91500
1058	94864
1059	96610
1060	101864
1061	103249
1062	104841
1063	105504
1064	110102
1065	111759
1066	112556
1067	112852
1068	115149
1069	115713
1070	120466
1071	122882
1072	122886
1073	122904
1074	122922
1075	122924
1076	134130
1077	134853
1078	143385
1079	152077
1080	152081
1081	158872
1082	160980
1083	166528
1084	166635
1085	111
1086	541
1087	678
1088	745
1089	913
1090	1147
1091	1148
1092	1186
1093	1193
1094	1201
1095	1207
1096	1223
1097	1230
1098	1252
1099	1260
1100	1261
1101	1267
1102	1276
1103	1281
1104	1299
1105	1680
1106	2490
1107	2707
1108	2723
1109	3000
1110	3022
1111	3108
1112	3174
1113	3429
1114	3683
1115	3741
1116	4878
1117	4973
1118	5782
1119	6350
1120	7099
1121	7361
1122	27611
1123	27773
1124	48394
1125	78499
1126	1036
1127	1206
1128	1209
1129	1221
1130	1228
1131	1234
1132	1375
1133	2194
1134	3039
1135	3263
1136	3435
1137	3681
1138	4571
1139	6016
1140	6870
1141	7482
1142	31658
1143	64839
1144	68358
1145	80463
1146	81932
1147	82459
1148	431
1149	442
1150	555
1151	653
1152	778
1153	1020
1154	1059
1155	1212
1156	1227
1157	1245
1158	1356
1159	1374
1160	1544
1161	1729
1162	1924
1163	1961
1164	2184
1165	2409
1166	2410
1167	2411
1168	2412
1169	2420
1170	2422
1171	2706
1172	2918
1173	2951
1174	2953
1175	3081
1176	3257
1177	3275
1178	3462
1179	3751
1180	3785
1181	3896
1182	4007
1183	4262
1184	4327
1185	4383
1186	4728
1187	4816
1188	5008
1189	5120
1190	5266
1191	5418
1192	5574
1193	5608
1194	5669
1195	5679
1196	5903
1197	5944
1198	5995
1199	6287
1200	6300
1201	6373
1202	6378
1203	6440
1204	6548
1205	6709
1206	6787
1207	6807
1208	6888
1209	7018
1210	7147
1211	7317
1212	7318
1213	7323
1214	7373
1215	7753
1216	7843
1217	8117
1218	8361
1219	8641
1220	8784
1221	8917
1222	8950
1223	26444
1224	26614
1225	27689
1226	27716
1227	27831
1228	27878
1229	30793
1230	32460
1231	33004
1232	33615
1233	34150
1234	34405
1235	36519
1236	36529
1237	37386
1238	37729
1239	37733
1240	38038
1241	38061
1242	44022
1243	44191
1244	44199
1245	44555
1246	44665
1247	45722
1248	46578
1249	46965
1250	47200
1251	47491
1252	49651
1253	51357
1254	51540
1255	52604
1256	53125
1257	53129
1258	53318
1259	53464
1260	53972
1261	53996
1262	54272
1263	55118
1264	55247
1265	55276
1266	55290
1267	55765
1268	56757
1269	57528
1270	57640
1271	57669
1272	58295
1273	58299
1274	59615
1275	59784
1276	60040
1277	60074
1278	60684
1279	62434
1280	63131
1281	64197
1282	64957
1283	65596
1284	66934
1285	67255
1286	68073
1287	68159
1288	68319
1289	69122
1290	69640
1291	69951
1292	71108
1293	71156
1294	71899
1295	73268
1296	73321
1297	73323
1298	73499
1299	74510
1300	74789
1301	74948
1302	76077
1303	76175
1304	76251
1305	77561
1306	78469
1307	79293
1308	79592
1309	79695
1310	79702
1311	80219
1312	81788
1313	83349
1314	84392
1315	85354
1316	86190
1317	86332
1318	86628
1319	86880
1320	87232
1321	88094
1322	88129
1323	88140
1324	90600
1325	91485
1326	91542
1327	92094
1328	95441
1329	96432
1330	96488
1331	96655
1332	97752
1333	98124
1334	98585
1335	98809
1336	99728
1337	99813
1338	102125
1339	102445
1340	102903
1341	103253
1342	103772
1343	104241
1344	104879
1345	106072
1346	106487
1347	106839
1348	107846
1349	111362
1350	112183
1351	112334
1352	112421
1353	114060
1354	114066
1355	116797
1356	116823
1357	117176
1358	118900
1359	122892
1360	122900
1361	122918
1362	122920
1363	122926
1364	128620
1365	135569
1366	139385
1367	140289
1368	141688
1369	142488
1370	144210
1371	145283
1372	148626
1373	150548
1374	155168
1375	157108
1376	157110
1377	158238
1378	158972
1379	159093
1380	160438
1381	161582
1382	162350
1383	162606
1384	164179
1385	166015
1386	168252
1387	171023
1388	176101
1389	177593
1390	180095
1391	180777
1392	185135
1393	12
1394	48
1395	64
1396	107
1397	118
1398	173
1399	295
1400	325
1401	328
1402	338
1403	372
1404	379
1405	407
1406	414
1407	420
1408	422
1409	427
1410	486
1411	512
1412	513
1413	551
1414	558
1415	610
1416	611
1417	671
1418	674
1419	724
1420	742
1421	743
1422	761
1423	785
1424	788
1425	798
1426	810
1427	829
1428	832
1429	866
1430	879
1431	903
1432	906
1433	911
1434	915
1435	921
1436	931
1437	933
1438	965
1439	984
1440	1016
1441	1021
1442	1047
1443	1081
1444	1097
1445	1127
1446	1129
1447	1215
1448	1238
1449	1257
1450	1269
1451	1285
1452	1297
1453	1322
1454	1324
1455	1330
1456	1333
1457	1339
1458	1342
1459	1345
1460	1346
1461	1355
1462	1359
1463	1367
1464	1372
1465	1373
1466	1376
1467	1378
1468	1379
1469	1380
1470	1394
1471	1407
1472	1409
1473	1427
1474	1441
1475	1456
1476	1457
1477	1461
1478	1474
1479	1479
1480	1485
1481	1489
1482	1499
1483	1542
1484	1550
1485	1551
1486	1556
1487	1562
1488	1566
1489	1569
1490	1583
1491	1588
1492	1591
1493	1593
1494	1603
1495	1614
1496	1645
1497	1648
1498	1658
1499	1663
1500	1665
1501	1679
1502	1681
1503	1688
1504	1689
1505	1690
1506	1702
1507	1717
1508	1718
1509	1722
1510	1747
1511	1748
1512	1754
1513	1779
1514	1783
1515	1798
1516	1806
1517	1812
1518	1816
1519	1831
1520	1845
1521	1848
1522	1855
1523	1862
1524	1881
1525	1888
1526	1891
1527	1894
1528	1906
1529	1911
1530	1919
1531	1921
1532	1963
1533	1970
1534	1971
1535	1972
1536	1973
1537	1991
1538	1994
1539	2003
1540	2004
1541	2014
1542	2015
1543	2016
1544	2026
1545	2034
1546	2036
1547	2037
1548	2040
1549	2041
1550	2044
1551	2052
1552	2053
1553	2060
1554	2065
1555	2082
1556	2088
1557	2092
1558	2097
1559	2108
1560	2110
1561	2111
1562	2118
1563	2123
1564	2133
1565	2134
1566	2140
1567	2144
1568	2148
1569	2153
1570	2167
1571	2169
1572	2171
1573	2206
1574	2227
1575	2232
1576	2243
1577	2244
1578	2245
1579	2248
1580	2249
1581	2255
1582	2261
1583	2263
1584	2266
1585	2267
1586	2279
1587	2287
1588	2294
1589	2302
1590	2315
1591	2320
1592	2321
1593	2328
1594	2335
1595	2354
1596	2355
1597	2369
1598	2371
1599	2372
1600	2374
1601	2375
1602	2393
1603	2394
1604	2396
1605	2407
1606	2413
1607	2416
1608	2418
1609	2423
1610	2424
1611	2428
1612	2446
1613	2453
1614	2455
1615	2458
1616	2463
1617	2465
1618	2468
1619	2491
1620	2496
1621	2513
1622	2518
1623	2539
1624	2548
1625	2550
1626	2555
1627	2558
1628	2605
1629	2606
1630	2614
1631	2622
1632	2642
1633	2643
1634	2668
1635	2672
1636	2687
1637	2699
1638	2709
1639	2710
1640	2719
1641	2720
1642	2722
1643	2733
1644	2746
1645	2754
1646	2788
1647	2793
1648	2802
1649	2804
1650	2806
1651	2808
1652	2822
1653	2836
1654	2840
1655	2857
1656	2860
1657	2867
1658	2870
1659	2883
1660	2888
1661	2898
1662	2900
1663	2915
1664	2936
1665	2968
1666	2995
1667	3005
1668	3016
1669	3017
1670	3031
1671	3032
1672	3035
1673	3040
1674	3048
1675	3056
1676	3063
1677	3064
1678	3070
1679	3072
1680	3082
1681	3087
1682	3101
1683	3104
1684	3113
1685	3146
1686	3190
1687	3203
1688	3213
1689	3219
1690	3225
1691	3238
1692	3248
1693	3254
1694	3258
1695	3264
1696	3269
1697	3301
1698	3308
1699	3316
1700	3324
1701	3355
1702	3361
1703	3370
1704	3387
1705	3393
1706	3394
1707	3395
1708	3396
1709	3397
1710	3398
1711	3400
1712	3401
1713	3418
1714	3421
1715	3424
1716	3454
1717	3466
1718	3471
1719	3476
1720	3477
1721	3483
1722	3484
1723	3497
1724	3500
1725	3501
1726	3505
1727	3515
1728	3526
1729	3534
1730	3536
1731	3548
1732	3550
1733	3551
1734	3584
1735	3594
1736	3608
1737	3622
1738	3662
1739	3685
1740	3686
1741	3692
1742	3693
1743	3698
1744	3699
1745	3701
1746	3704
1747	3705
1748	3706
1749	3708
1750	3712
1751	3743
1752	3745
1753	3752
1754	3754
1755	3763
1756	3770
1757	3784
1758	3797
1759	3802
1760	3825
1761	3826
1762	3835
1763	3837
1764	3839
1765	1010
1766	1012
1767	1013
1768	1015
1769	1018
1770	1022
1771	1035
1772	1547
1773	2006
1774	2059
1775	2083
1776	2087
1777	2089
1778	2135
1779	2430
1780	2565
1781	2941
1782	3157
1783	3159
1784	3189
1785	3410
1786	3438
1787	3512
1788	3549
1789	3565
1790	3615
1791	3755
1792	3852
1793	3948
1794	3972
1795	3986
1796	3988
1797	3990
1798	3999
1799	4016
1800	4019
1801	4025
1802	4039
1803	4054
1804	4090
1805	4154
1806	4161
1807	4232
1808	4270
1809	4299
1810	4344
1811	4366
1812	4367
1813	4369
1814	4378
1815	4446
1816	4449
1817	4519
1818	4638
1819	4718
1820	4734
1821	4776
1822	4783
1823	4821
1824	4846
1825	4848
1826	4865
1827	4901
1828	4979
1829	4990
1830	5013
1831	5014
1832	5015
1833	5103
1834	5110
1835	5171
1836	5254
1837	5293
1838	5299
1839	5313
1840	5364
1841	5388
1842	5419
1843	5463
1844	5504
1845	5630
1846	5693
1847	5785
1848	6143
1849	6156
1850	6157
1851	6166
1852	6170
1853	6297
1854	6345
1855	6358
1856	38
1857	2288
1858	2376
1859	2378
1860	2402
1861	2403
1862	2724
1863	2989
1864	2990
1865	3633
1866	3635
1867	3638
1868	3697
1869	3868
1870	3984
1871	4005
1872	4040
1873	4085
1874	4489
1875	4545
1876	4621
1877	4701
1878	5219
1879	5796
1880	6503
1881	7569
1882	7570
1883	7573
1884	7701
1885	8574
1886	8946
1887	26340
1888	30825
1889	34162
1890	39715
1891	40815
1892	41566
1893	45186
1894	45447
1895	45672
1896	46972
1897	47566
1898	47997
1899	50189
1900	51084
1901	52730
1902	52973
1903	53121
1904	53322
1905	54276
1906	56775
1907	58025
1908	58998
1909	59369
1910	59429
1911	59900
1912	61160
1913	63082
1914	64032
1915	68791
1916	68793
1917	69526
1918	69644
1919	72641
1920	73106
1921	73319
1922	73858
1923	76093
1924	78637
1925	79134
1926	79185
1927	80166
1928	81229
1929	81564
1930	81591
1931	81834
1932	82202
1933	85259
1934	86068
1935	87520
1936	88125
1937	88405
1938	88744
1939	90249
1940	91535
1941	91630
1942	93510
1943	94503
1944	94677
1945	94777
1946	95067
1947	95170
1948	95738
1949	96004
1950	96588
1951	97913
1952	99532
1953	102481
1954	102716
1955	102993
1956	103141
1957	103228
1958	103372
1959	103384
1960	103801
1961	103810
1962	103819
1963	103883
1964	104211
1965	105213
1966	105653
1967	105844
1968	105954
1969	106491
1970	106540
1971	106916
1972	106918
1973	106920
1974	107013
1975	107449
1976	108156
1977	108190
1978	108932
1979	108945
1980	109576
1981	109723
1982	109864
1983	110130
1984	110553
1985	111113
1986	111617
1987	111743
1988	111781
1989	111844
1990	112138
1991	112175
1992	114180
1993	114818
1994	115502
1995	115617
1996	115877
1997	117368
1998	117529
1999	117572
2000	117590
2001	117851
2002	117922
2003	119141
2004	119155
2005	119964
2006	122896
2007	126548
2008	130450
2009	132157
2010	133419
2011	134368
2012	134393
2013	135133
2014	135536
2015	135861
2016	135887
2017	136016
2018	138036
2019	138186
2020	139642
2021	139717
2022	139915
2023	140301
2024	142536
2025	143245
2026	148675
2027	149380
2028	160565
2029	160872
2030	164909
2031	166492
2032	167036
2033	168248
2034	173307
2035	1952
2036	1953
2037	2160
2038	3006
2039	4017
2040	4036
2041	4903
2042	5617
2043	5673
2044	6711
2045	8464
2046	8622
2047	30707
2048	31410
2049	34437
2050	39183
2051	41997
2052	46976
2053	52281
2054	53519
2055	54503
2056	55820
2057	56171
2058	56782
2059	56788
2060	60766
2061	61323
2062	64575
2063	66097
2064	68536
2065	71464
2066	29
2067	175
2068	272
2069	334
2070	741
2071	1050
2072	1175
2073	1217
2074	1218
2075	1232
2076	1233
2077	1237
2078	1243
2079	1248
2080	1249
2081	1274
2082	1284
2083	1425
2084	1464
2085	1711
2086	1809
2087	1859
2088	1884
2089	1960
2090	2579
2091	2686
2092	2726
2093	2730
2094	2912
2095	3030
2096	3181
2097	3265
2098	3822
2099	4235
2100	5333
2101	6234
2102	6387
2103	6721
2104	6773
2105	6790
2106	6857
2107	6920
2108	6989
2109	7064
2110	7069
2111	7123
2112	7587
2113	7924
2114	7932
2115	8012
2116	8228
2117	8370
2118	2405
2119	3556
2120	4855
2121	5064
2122	5791
2123	31696
2124	35836
2125	47610
2126	57368
2127	61024
2128	61132
2129	86882
2130	102407
2131	132660
2132	122912
2133	122916
2134	176371
2135	187541
2136	187593
2137	238
2138	421
2139	808
2140	969
2141	1083
2142	1262
2143	1287
2144	1387
2145	1592
2146	2032
2147	2142
2148	2151
2149	2311
2150	2530
2151	2532
2152	2876
2153	2886
2154	3037
2155	3350
2156	3451
2157	3519
2158	3654
2159	3791
2160	3836
2161	23
2162	147
2163	211
2164	428
2165	456
2166	481
2167	507
2168	635
2169	714
2170	851
2171	1120
2172	1171
2173	1253
2174	1271
2175	1303
2176	1459
2177	1480
2178	1678
2179	1785
2180	2021
2181	2231
2182	2272
2183	2358
2184	2618
2185	2841
2186	2908
2187	2952
2188	3020
2189	3100
2190	3105
2191	3107
2192	3169
2193	3178
2194	3198
2195	3246
2196	3250
2197	3252
2198	3256
2199	3260
2200	3271
2201	3272
2202	3360
2203	3543
2204	3783
2205	3950
2206	3980
2207	4047
2208	4211
2209	4238
2210	4251
2211	4343
2212	4626
2213	4688
2214	4772
2215	4787
2216	5009
2217	5010
2218	5055
2219	5152
2220	5267
2221	5292
2222	5329
2223	5446
2224	5577
2225	5632
2226	5682
2227	5747
2228	5945
2229	5955
2230	6281
2231	6428
2232	6537
2233	6552
2234	6565
2235	6617
2236	6796
2237	6817
2238	6867
2239	6884
2240	6947
2241	6953
2242	6957
2243	6974
2244	6993
2245	6997
2246	7009
2247	7025
2248	7090
2249	7263
2250	7481
2251	7649
2252	7706
2253	7841
2254	7842
2255	7884
2256	8010
2257	8132
2258	8378
2259	8493
2260	8495
2261	8633
2262	8810
2263	8874
2264	8914
2265	8937
2266	8951
2267	8977
2268	8982
2269	8983
2270	26649
2271	26695
2272	26750
2273	26812
2274	26901
2275	27408
2276	27450
2277	27788
2278	27793
2279	31101
2280	31116
2281	31225
2282	31420
2283	33166
2284	33558
2285	33660
2286	34536
2287	36517
2288	36527
2289	37731
2290	37739
2291	38886
2292	39381
2293	39444
2294	40278
2295	40414
2296	40583
2297	41569
2298	41863
2299	42004
2300	43396
2301	43921
2302	43928
2303	43936
2304	44195
2305	44204
2306	44761
2307	45658
2308	46723
2309	47629
2310	47644
2311	47894
2312	48326
2313	48385
2314	48738
2315	48879
2316	49265
2317	49530
2318	49822
2319	49961
2320	50068
2321	50442
2322	51080
2323	51255
2324	51471
2325	51935
2326	52042
2327	52241
2328	52328
2329	52952
2330	53123
2331	53550
2332	53953
2333	54736
2334	54962
2335	54997
2336	55080
2337	55094
2338	55116
2339	55274
2340	55363
2341	55721
2342	55908
2343	56145
2344	56587
2345	56607
2346	56921
2347	58293
2348	58803
2349	59018
2350	59129
2351	59387
2352	60046
2353	60389
2354	60647
2355	60674
2356	60735
2357	60753
2358	60941
2359	60943
2360	61011
2361	61167
2362	61210
2363	61236
2364	61248
2365	61350
2366	61352
2367	61628
2368	61986
2369	62374
2370	62376
2371	62394
2372	62792
2373	62799
2374	62849
2375	63033
2376	63062
2377	63433
2378	64030
2379	64497
2380	64716
2381	64983
2382	64997
2383	65216
2384	65682
2385	65982
2386	67534
2387	68205
2388	69849
2389	70336
2390	71106
2391	71135
2392	953
2393	1204
2394	1242
2395	1772
2396	1792
2397	1939
2398	1945
2399	2301
2400	3363
2401	4980
2402	7156
2403	7379
2404	26554
2405	26729
2406	64620
2407	87306
2408	98961
2409	96821
2410	605
2411	612
2412	1099
2413	1231
2414	1353
2415	1361
2416	1363
2417	1393
2418	74
2419	78
2420	194
2421	203
2422	246
2423	471
2424	786
2425	1104
2426	1429
2427	1458
2428	28
2429	94
2430	249
2431	307
2432	308
2433	322
2434	385
2435	446
2436	452
2437	562
2438	580
2439	613
2440	715
2441	805
2442	994
2443	1027
2444	1056
2445	1177
2446	1280
2447	1365
2448	1399
2449	1446
2450	1476
2451	1487
2452	1537
2453	1545
2454	1621
2455	1633
2456	1643
2457	1672
2458	1673
2459	1799
2460	1801
2461	1841
2462	2112
2463	2310
2464	2333
2465	2357
2466	2391
2467	2443
2468	2501
2469	2690
2470	2875
2471	2943
2472	3997
2473	5146
2474	5449
2475	6242
2476	6567
2477	6618
2478	26606
2479	27193
2480	27728
2481	27801
2482	31184
2483	44974
2484	544
2485	2269
2486	2735
2487	2794
2488	3066
2489	3270
2490	3347
2491	3362
2492	3766
2493	3861
2494	4220
2495	5093
2496	5312
2497	6662
2498	585
2499	2342
2500	3019
2501	82
2502	121
2503	199
2504	228
2505	306
2506	514
2507	685
2508	3285
2509	3968
2510	4890
2511	6708
2512	6763
2513	7173
2514	7444
2515	8981
2516	54001
2517	55280
2518	56941
2519	59725
2520	61240
2521	65230
2522	71033
2523	85774
2524	86781
2525	87869
2526	89759
2527	93840
2528	96829
2529	97921
2530	100714
2531	101525
2532	103980
2533	111659
2534	111921
2535	112290
2536	115569
2537	116897
2538	125916
2539	128360
2540	136864
2541	122
2542	144
2543	227
2544	408
2545	413
2546	418
2547	424
2548	433
2549	436
2550	459
2551	550
2552	639
2553	782
2554	1191
2555	1343
2556	1431
2557	1453
2558	1468
2559	1488
2560	1513
2561	1667
2562	1726
2563	1810
2564	1835
2565	1975
2566	1976
2567	2146
2568	2155
2569	2236
2570	2297
2571	2306
2572	2352
2573	2404
2574	2433
2575	2497
2576	2500
2577	2505
2578	2568
2579	2574
2580	2598
2581	2702
2582	2713
2583	2771
2584	2795
2585	2796
2586	2805
2587	2827
2588	2861
2589	2871
2590	2890
2591	2906
2592	3098
2593	3120
2594	3142
2595	3177
2596	3186
2597	3208
2598	3259
2599	3261
2600	3298
2601	3326
2602	3502
2603	3552
2604	3646
2605	3694
2606	3695
2607	3764
2608	3824
2609	3841
2610	3946
2611	3987
2612	4008
2613	4041
2614	4062
2615	4067
2616	4084
2617	4102
2618	4132
2619	4153
2620	4155
2621	4207
2622	4280
2623	4293
2624	4317
2625	4321
2626	4322
2627	4333
2628	4349
2629	4351
2630	4359
2631	4361
2632	4396
2633	4442
2634	4466
2635	4477
2636	4482
2637	4487
2638	4509
2639	4516
2640	4541
2641	4564
2642	4565
2643	4577
2644	4623
2645	4629
2646	4654
2647	4679
2648	4686
2649	57
2650	259
2651	484
2652	519
2653	828
2654	1105
2655	18
2656	663
2657	737
2658	833
2659	836
2660	889
2661	69
2662	934
2663	1005
2664	1033
2665	1390
2666	1442
2667	1615
2668	1642
2669	1753
2670	1769
2671	1863
2672	1866
2673	1934
2674	2042
2675	2064
2676	2106
2677	2124
2678	2195
2679	2431
2680	2504
2681	2718
2682	2731
2683	3004
2684	3196
2685	3249
2686	3268
2687	3274
2688	3385
2689	4104
2690	4502
2691	4929
2692	4958
2693	4974
2694	5151
2695	5220
2696	5283
2697	5307
2698	5308
2699	5500
2700	5528
2701	5568
2702	5582
2703	5585
2704	5589
2705	7294
2706	33495
2707	53993
2708	391
2709	2121
2710	2942
2711	3844
2712	3969
2713	4474
2714	4975
2715	5108
2716	6765
2717	7160
2718	8966
2719	45950
2720	47423
2721	51931
2722	53894
2723	63876
2724	68932
2725	69712
2726	72395
2727	79242
2728	82767
2729	96567
2730	96811
2731	97923
2732	100383
2733	106100
2734	108729
2735	112804
2736	117881
2737	132424
2738	137337
2739	140174
2740	140247
2741	140715
2742	145839
2743	146656
2744	159817
2745	163645
2746	166643
2747	171011
2748	1320
2749	5882
2750	8371
2751	909
2752	1251
2753	1273
2754	1289
2755	2164
2756	2553
2757	2732
2758	2925
2759	3221
2760	3415
2761	3730
2762	4282
2763	4399
2764	4658
2765	4914
2766	4928
2767	5004
2768	5021
2769	5810
2770	5932
2771	6239
2772	6663
2773	6666
2774	6975
2775	7063
2776	7206
2777	7247
2778	7327
2779	7396
2780	7700
2781	7748
2782	8143
2783	8157
2784	8235
2785	8253
2786	8379
2787	8879
2788	8928
2789	8974
2790	26258
2791	26326
2792	26422
2793	27156
2794	27513
2795	32657
2796	32659
2797	32875
2798	32898
2799	33781
2800	37545
2801	44719
2802	45880
2803	46062
2804	46862
2805	52885
2806	62336
2807	62644
2808	63312
2809	64278
2810	66335
2811	79224
2812	81018
2813	81562
2814	82848
2815	85796
2816	88911
2817	90522
2818	90746
2819	91094
2820	92046
2821	92427
2822	92475
2823	93114
2824	93326
2825	96606
2826	97225
2827	97304
2828	100498
2829	101072
2830	103171
2831	104283
2832	104913
2833	105250
2834	107338
2835	107565
2836	111732
2837	113374
2838	114335
2839	115203
2840	122898
2841	127146
2842	128695
2843	134170
2844	134515
2845	135143
2846	135456
2847	136018
2848	136305
2849	136564
2850	137857
2851	138208
2852	139644
2853	140928
2854	142074
2855	142448
2856	142602
2857	142961
2858	142997
2859	143859
2860	143969
2861	149406
2862	151759
2863	156607
2864	160569
2865	164280
2866	165969
2867	167370
2868	168254
2869	168492
2870	170705
2871	170875
2872	171701
2873	171759
2874	172013
2875	172461
2876	174055
2877	174141
2878	174403
2879	174737
2880	175485
2881	175661
2882	175693
2883	175705
2884	175707
2885	175743
2886	175781
2887	179073
2888	188301
2889	190183
2890	387
2891	479
2892	482
2893	522
2894	781
2895	1011
2896	1014
2897	1235
2898	1244
2899	1301
2900	1350
2901	1873
2902	1997
2903	1999
2904	2159
2905	2183
2906	2265
2907	2322
2908	2356
2909	2363
2910	2379
2911	2380
2912	2408
2913	2454
2914	2524
2915	2533
2916	2554
2917	2587
2918	2613
2919	2615
2920	2634
2921	2661
2922	2664
2923	2752
2924	2978
2925	3115
2926	3148
2927	3388
2928	3430
2929	3614
2930	3799
2931	3814
2932	3917
2933	3918
2934	3959
2935	4215
2936	4241
2937	4255
2938	4267
2939	4291
2940	4340
2941	4437
2942	4464
2943	4496
2944	4508
2945	4591
2946	4713
2947	4876
2948	4971
2949	4992
2950	5040
2951	5339
2952	5505
2953	5672
2954	5712
2955	6323
2956	6371
2957	6659
2958	6786
2959	6793
2960	6873
2961	6880
2962	7000
2963	7004
2964	7007
2965	7040
2966	7163
2967	7757
2968	7983
2969	8623
2970	26680
2971	34338
2972	39414
2973	42723
2974	45666
2975	48877
2976	52722
2977	57532
2978	59306
2979	60487
2980	33646
2981	50794
2982	51077
2983	52245
2984	54995
2985	54999
2986	56801
2987	65514
2988	69481
2989	86892
2990	93721
2991	93838
2992	110501
2993	748
2994	916
2995	1125
2996	1982
2997	1293
2998	198
2999	473
3000	518
3001	707
3002	728
3003	861
3004	897
3005	942
3006	951
3007	955
3008	1184
3009	1254
3010	1268
3011	1277
3012	1388
3013	1416
3014	1498
3015	1564
3016	1646
3017	1670
3018	1858
3019	1912
3020	2009
3021	2067
3022	2102
3023	2202
3024	2289
3025	2429
3026	2476
3027	2681
3028	2759
3029	2917
3030	2922
3031	2935
3032	2961
3033	3045
3034	3334
3035	3426
3036	3446
3037	3494
3038	3507
3039	3593
3040	3628
3041	3632
3042	3643
3043	3769
3044	3773
3045	3774
3046	3811
3047	3901
3048	3937
3049	280
3050	928
3051	1151
3052	1428
3053	1631
3054	1696
3055	1797
3056	1944
3057	2020
3058	2075
3059	3075
3060	3230
3061	3461
3062	3498
3063	3504
3064	6460
3065	2739
3066	6058
3067	6541
3068	6564
3069	27660
3070	27706
3071	27808
3072	48043
3073	49130
3074	49649
3075	50804
3076	51086
3077	59501
3078	60072
3079	60126
3080	63072
3081	67734
3082	68554
3083	68848
3084	74228
3085	78105
3086	79357
3087	80693
3088	82461
3089	83369
3090	86911
3091	87430
3092	89492
3093	89864
3094	90866
3095	96861
3096	99149
3097	102123
3098	103042
3099	103341
3100	104863
3101	106002
3102	107348
3103	107406
3104	111360
3105	113741
3106	114662
3107	114678
3108	114935
3109	115210
3110	115680
3111	118696
3112	128512
3113	135518
3114	142222
3115	143355
3116	158966
3117	161131
3118	166534
3119	168250
3120	170827
3121	171763
3122	172591
3123	173925
3124	174053
3125	175303
3126	176601
3127	179401
3128	179819
3129	182715
3130	183611
3131	184471
3132	185031
3133	187595
3134	1202
3135	1965
3136	3088
3137	4105
3138	6104
3139	7022
3140	7132
3141	7387
3142	7980
3143	8376
3144	8873
3145	27846
3146	27904
3147	30810
3148	33779
3149	45728
3150	53000
3151	54259
3152	64285
3153	67997
3154	77800
3155	86290
3156	86504
3157	89753
3158	89904
3159	92494
3160	92535
3161	95858
3162	98491
3163	102217
3164	104069
3165	365
3166	968
3167	1096
3168	1762
3169	1889
3170	2313
3171	2905
3172	3041
3173	4023
3174	4128
3175	4380
3176	4448
3177	4773
3178	4964
3179	5026
3180	5225
3181	5291
3182	5417
3183	5690
3184	5878
3185	5954
3186	6188
3187	6214
3188	6218
3189	6296
3190	6331
3191	6385
3192	6936
3193	6944
3194	7139
3195	7162
3196	7235
3197	7360
3198	7411
3199	7743
3200	7930
3201	7982
3202	8014
3203	8093
3204	8645
3205	8795
3206	8832
3207	26504
3208	27020
3209	27266
3210	27523
3211	27869
3212	33683
3213	34072
3214	42632
3215	255
3216	523
3217	535
3218	1216
3219	1326
3220	1382
3221	1541
3222	1956
3223	2257
3224	2312
3225	2316
3226	2401
3227	2956
3228	2966
3229	3029
3230	3074
3231	3201
3232	3262
3233	3444
3234	4079
3235	4149
3236	4158
3237	4203
3238	4231
3239	4465
3240	4499
3241	4537
3242	4572
3243	4581
3244	4585
3245	4611
3246	4616
3247	5023
3248	5265
3249	5548
3250	5644
3251	6022
3252	6025
3253	6124
3254	6313
3255	6636
3256	6754
3257	6832
3258	6979
3259	6996
3260	7015
3261	7027
3262	7028
3263	7046
3264	7048
3265	7127
3266	7325
3267	7493
3268	7624
3269	7647
3270	7766
3271	8024
3272	8158
3273	5628
3274	8604
3275	8605
3276	875
3277	932
3278	1017
3279	1019
3280	1292
3281	1381
3282	1515
3283	1635
3284	1703
3285	2125
3286	2334
3287	2340
3288	2385
3289	2471
3290	2560
3291	2567
3292	2662
3293	2728
3294	2803
3295	2881
3296	2950
3297	3077
3298	3452
3299	3553
3300	3554
3301	3653
3302	3675
3303	3707
3304	3786
3305	3978
3306	3981
3307	4015
3308	4068
3309	4069
3310	4124
3311	4141
3312	4326
3313	4356
3314	4372
3315	4387
3316	4388
3317	4639
3318	4677
3319	4681
3320	4823
3321	4877
3322	4969
3323	5049
3324	5400
3325	5444
3326	5541
3327	5553
3328	6193
3329	6383
3330	6595
3331	6707
3332	6753
3333	6755
3334	6879
3335	6893
3336	6939
3337	7010
3338	7137
3339	7256
3340	7320
3341	7346
3342	7454
3343	7541
3344	7566
3345	8366
3346	8677
3347	8781
3348	8807
3349	8861
3350	8866
3351	8910
3352	8947
3353	8968
3354	8985
3355	26712
3356	26778
3357	26871
3358	27473
3359	27539
3360	27705
3361	30822
3362	31049
3363	32598
3364	33154
3365	33437
3366	33672
3367	34153
3368	34542
3369	40732
3370	40959
3371	41571
3372	41573
3373	41724
3374	42018
3375	42718
3376	42738
3377	44004
3378	44709
3379	44788
3380	45431
3381	45501
3382	45720
3383	45726
3384	45928
3385	46322
3386	46948
3387	47970
3388	47978
3389	47999
3390	48342
3391	48696
3392	49274
3393	49772
3394	50658
3395	50685
3396	50740
3397	50806
3398	51709
3399	51884
3400	52287
3401	52435
3402	52458
3403	52767
3404	52975
3405	53435
3406	54004
3407	54116
3408	54121
3409	54281
3410	54734
3411	54881
3412	55052
3413	55112
3414	55190
3415	55232
3416	55253
3417	55267
3418	55282
3419	55620
3420	55830
3421	56152
3422	56251
3423	56336
3424	56339
3425	56379
3426	57951
3427	58078
3428	58107
3429	58162
3430	58347
3431	58839
3432	59126
3433	59220
3434	59258
3435	59440
3436	59731
3437	60363
3438	60514
3439	62155
3440	62293
3441	62956
3442	62999
3443	64622
3444	65188
3445	66198
3446	66665
3447	67087
3448	67267
3449	67408
3450	67618
3451	68659
3452	68952
3453	69069
3454	69394
3455	69524
3456	69784
3457	69904
3458	70492
3459	70521
3460	70990
3461	71282
3462	72167
3463	72489
3464	72591
3465	73023
3466	74154
3467	74508
3468	74668
3469	74946
3470	76751
3471	78467
3472	78703
3473	79057
3474	80860
3475	81910
3476	83134
3477	83803
3478	84772
3479	85780
3480	86293
3481	86377
3482	86833
3483	89087
3484	89470
3485	90576
3486	92420
3487	93287
3488	94959
3489	95218
3490	95624
3491	95875
3492	96110
3493	114762
3494	4744
3495	4880
3496	1172
3497	1300
3498	1955
3499	1959
3500	1962
3501	3152
3502	3359
3503	3468
3504	91077
3505	2136
3506	44193
3507	45221
3508	47122
3509	47518
3510	48414
3511	50601
3512	53460
3513	55768
3514	68135
3515	69278
3516	71518
3517	72226
3518	74647
3519	75805
3520	76293
3521	87485
3522	92509
3523	93272
3524	99106
3525	101612
3526	105037
3527	109483
3528	111320
3529	112450
3530	112788
3531	113378
3532	114074
3533	123947
3534	127202
3535	128520
3536	131013
3537	138204
3538	149354
3539	151739
3540	926
3541	949
3542	1041
3543	1185
3544	2010
3545	2360
3546	2594
3547	3089
3548	3307
3549	4103
3550	4427
3551	4546
3552	5300
3553	5304
3554	5341
3555	5434
3556	5812
3557	5867
3558	6235
3559	6244
3560	6270
3561	6301
3562	6305
3563	6591
3564	6791
3565	6852
3566	6858
3567	7087
3568	7158
3569	7234
3570	7419
3571	7889
3572	8154
3573	8183
3574	8340
3575	8341
3576	8804
3577	8838
3578	26350
3579	26578
3580	27721
3581	31522
3582	39292
3583	44937
3584	48698
3585	50274
3586	52967
3587	55069
3588	55444
3589	55814
3590	57147
3591	58103
3592	58154
3593	6303
3594	7001
3595	2318
3596	7669
3597	39446
3598	55577
3599	63436
3600	72129
3601	81535
3602	20
3603	2792
3604	164
3605	1189
3606	1192
3607	2659
3608	3197
3609	3266
3610	3425
3611	3576
3612	4887
3613	6059
3614	6952
3615	60030
3616	69654
3617	75395
3618	78266
3619	78349
3620	80363
3621	80831
3622	81417
3623	82041
3624	84189
3625	84601
3626	85397
3627	90405
3628	90469
3629	91974
3630	93297
3631	96691
3632	96917
3633	98361
3634	100810
3635	103075
3636	103688
3637	2381
3638	2383
3639	2384
3640	4386
3641	4989
3642	5065
3643	5094
3644	5106
3645	5296
3646	5414
3647	5803
3648	5874
3649	5900
3650	6006
3651	6014
3652	6249
3653	6338
3654	6484
3655	6536
3656	6550
3657	6566
3658	6586
3659	6593
3660	6686
3661	6687
3662	6702
3663	6750
3664	6752
3665	6764
3666	6886
3667	6887
3668	6946
3669	6949
3670	6958
3671	7142
3672	3155
3673	27397
3674	55442
3675	58303
3676	14
3677	55
3678	154
3679	214
3680	287
3681	299
3682	321
3683	324
3684	326
3685	331
3686	369
3687	406
3688	691
3689	722
3690	726
3691	900
3692	948
3693	971
3694	987
3695	1091
3696	1131
3697	1132
3698	1135
3699	1187
3700	1190
3701	1194
3702	1286
3703	1290
3704	1295
3705	1296
3706	1305
3707	1395
3708	1414
3709	53
3710	1140
3711	1519
3712	1596
3713	1624
3714	1683
3715	1694
3716	1730
3717	72356
3718	74553
3719	3910
3720	6464
3721	7312
3722	26974
3723	74795
3724	83177
3725	901
3726	905
3727	918
3728	936
3729	945
3730	946
3731	947
3732	950
3733	3061
3734	3097
3735	3315
3736	3599
3737	3604
3738	3606
3739	3991
3740	4300
3741	4899
3742	5092
3743	5480
3744	5529
3745	5621
3746	6271
3747	6402
3748	6604
3749	6650
3750	6783
3751	7067
3752	7209
3753	7297
3754	7381
3755	8238
3756	8372
3757	8814
3758	8978
3759	25887
3760	26183
3761	26184
3762	26265
3763	26429
3764	26645
3765	27619
3766	27826
3767	31851
3768	31925
3769	32060
3770	32243
3771	32596
3772	33090
3773	33830
3774	34312
3775	34332
3776	35807
3777	37384
3778	37444
3779	40339
3780	40962
3781	41828
3782	42013
3783	42725
3784	42761
3785	44773
3786	44777
3787	44851
3788	46105
3789	47725
3790	47736
3791	48520
3792	48649
3793	48982
3794	49013
3795	49735
3796	50613
3797	50999
3798	51167
3799	51575
3800	53280
3801	53355
3802	53578
3803	55269
3804	58291
3805	60289
3806	60737
3807	62008
3808	64116
3809	65588
3810	66798
3811	66943
3812	67888
3813	69211
3814	69304
3815	69469
3816	69720
3817	70697
3818	72178
3819	72624
3820	72692
3821	72701
3822	73015
3823	73042
3824	73160
3825	73822
3826	74342
3827	74683
3828	74698
3829	76143
3830	76301
3831	77688
3832	78142
3833	78620
3834	79684
3835	79897
3836	80727
3837	81087
3838	81537
3839	82854
3840	83910
3841	83969
3842	84246
3843	84512
3844	84944
3845	85295
3846	85881
3847	86059
3848	86298
3849	87834
3850	88069
3851	88746
3852	88785
3853	88812
3854	89898
3855	90717
3856	91355
3857	91386
3858	91666
3859	92643
3860	93006
3861	93022
3862	94661
3863	95633
3864	95843
3865	96608
3866	96935
3867	97836
3868	98279
3869	99117
3870	99122
3871	99130
3872	99853
3873	100390
3874	100507
3875	101283
3876	102378
3877	102686
3878	102747
3879	102984
3880	103602
3881	104339
3882	104875
3883	105540
3884	105746
3885	106594
3886	106927
3887	107951
3888	108078
3889	108949
3890	109241
3891	109596
3892	111146
3893	113252
3894	113453
3895	115111
3896	116718
3897	116738
3898	116817
3899	117109
3900	118270
3901	118530
3902	118572
3903	118834
3904	118862
3905	118894
3906	119714
3907	120813
3908	121007
3909	121097
3910	121338
3911	121342
3912	121469
3913	121781
3914	122092
3915	124273
3916	124404
3917	125970
3918	125974
3919	126088
3920	126577
3921	126921
3922	127052
3923	127134
3924	128087
3925	128089
3926	128366
3927	128594
3928	128852
3929	128944
3930	128968
3931	129011
3932	129354
3933	130452
3934	130518
3935	130520
3936	131098
3937	131104
3938	131130
3939	131439
3940	131610
3941	131826
3942	132153
3943	132422
3944	132496
3945	132584
3946	132800
3947	133712
3948	133867
3949	133879
3950	134004
3951	134334
3952	134847
3953	135777
3954	135937
3955	136341
3956	136353
3957	136355
3958	136359
3959	136503
3960	136834
3961	139157
3962	139640
3963	139994
3964	140133
3965	140481
3966	140541
3967	140561
3968	140711
3969	141513
3970	141544
3971	141646
3972	141830
3973	141928
3974	142196
3975	142444
3976	142550
3977	142831
3978	143031
3979	143559
3980	144222
3981	145491
3982	146244
3983	146684
3984	146986
3985	147410
3986	147936
3987	148632
3988	148775
3989	149350
3990	149352
3991	149508
3992	149566
3993	150554
3994	153386
3995	153408
3996	155589
3997	156025
3998	156781
3999	157296
4000	157775
4001	158398
4002	158882
4003	159069
4004	160567
4005	163527
4006	164200
4007	164226
4008	164707
4009	167018
4010	167380
4011	167772
4012	167854
4013	169912
4014	170837
4015	170993
4016	171751
4017	171811
4018	172321
4019	173253
4020	174681
4021	176621
4022	176805
4023	177185
4024	177765
4025	179211
4026	181065
4027	182293
4028	182297
4029	182299
4030	182731
4031	184349
4032	184791
4033	68
4034	81
4035	85
4036	116
4037	581
4038	617
4039	735
4040	766
4041	791
4042	896
4043	1034
4044	1116
4045	1137
4046	1144
4047	1366
4048	1411
4049	1417
4050	384
4051	464
4052	533
4053	1241
4054	1321
4055	1337
4056	1340
4057	1760
4058	1771
4059	1974
4060	1981
4061	2117
4062	2122
4063	2138
4064	2298
4065	2419
4066	2456
4067	2522
4068	2625
4069	2651
4070	2782
4071	2784
4072	2790
4073	2817
4074	2868
4075	2992
4076	3013
4077	3018
4078	3153
4079	3182
4080	3267
4081	3563
4082	3727
4083	3768
4084	3810
4085	3840
4086	4092
4087	4109
4088	4214
4089	4254
4090	4304
4091	4316
4092	4438
4093	4587
4094	4599
4095	4624
4096	4645
4097	4661
4098	4678
4099	4774
4100	4800
4101	4850
4102	4909
4103	4987
4104	5165
4105	5294
4106	5346
4107	5438
4108	5479
4109	5588
4110	5640
4111	5650
4112	5749
4113	6203
4114	6219
4115	6283
4116	6327
4117	6375
4118	6395
4119	6461
4120	6620
4121	6629
4122	6638
4123	6678
4124	6731
4125	6744
4126	6820
4127	6963
4128	7118
4129	7308
4130	7492
4131	7561
4132	7650
4133	7802
4134	8016
4135	8147
4136	8266
4137	8426
4138	8501
4139	8507
4140	8581
4141	27317
4142	27873
4143	2114
4144	2398
4145	54190
4146	1606
4147	2103
4148	1529
4149	1659
4150	2280
4151	2600
4152	3071
4153	3690
4154	4126
4155	4732
4156	4954
4157	5027
4158	5072
4159	5246
4160	5247
4161	5619
4162	5792
4163	6051
4164	6288
4165	6367
4166	1942
4167	3819
4168	5109
4169	5420
4170	71745
4171	79139
4172	1958
4173	2262
4174	3244
4175	5380
4176	6183
4177	6785
4178	233
4179	2337
4180	3179
4181	4873
4182	7367
4183	50912
4184	57522
4185	58972
4186	59022
4187	62553
4188	64114
4189	65088
4190	65577
4191	65802
4192	69140
4193	70728
4194	77206
4195	77427
4196	79572
4197	80572
4198	80586
4199	81156
4200	81819
4201	86014
4202	86815
4203	87194
4204	88108
4205	90890
4206	91126
4207	91653
4208	91671
4209	91976
4210	96728
4211	99764
4212	106766
4213	116799
4214	132046
4215	134881
4216	938
4217	1833
4218	2325
4219	2551
4220	2837
4221	3163
4222	3325
4223	3719
4224	3746
4225	4476
4226	4663
4227	4676
4228	4740
4229	4912
4230	4941
4231	5460
4232	6012
4233	6030
4234	6060
4235	6169
4236	6579
4237	7034
4238	7036
4239	7050
4240	7380
4241	8643
4242	8796
4243	25937
4244	32300
4245	45175
4246	53466
4247	54780
4248	69988
4249	80584
4250	85401
4251	93805
4252	94015
4253	94150
4254	94833
4255	213
4256	665
4257	935
4258	1111
4259	1178
4260	1354
4261	2131
4262	2495
4263	2931
4264	3306
4265	3310
4266	3592
4267	3629
4268	3677
4269	3687
4270	3742
4271	3821
4272	4325
4273	4788
4274	5373
4275	5888
4276	5889
4277	5912
4278	6187
4279	6433
4280	6643
4281	6777
4282	6985
4283	7347
4284	7371
4285	8025
4286	8033
4287	8197
4288	8511
4289	8638
4290	8656
4291	9010
4292	26082
4293	26150
4294	26236
4295	26237
4296	26347
4297	26471
4298	26587
4299	26662
4300	26849
4301	26903
4302	27134
4303	27803
4304	27815
4305	27834
4306	30803
4307	32892
4308	33124
4309	36363
4310	36401
4311	38159
4312	42191
4313	48872
4314	56060
4315	57183
4316	57504
4317	58425
4318	58554
4319	60904
4320	63515
4321	64993
4322	66371
4323	67923
4324	69134
4325	69529
4326	69685
4327	72104
4328	73881
4329	74324
4330	74727
4331	75341
4332	79333
4333	80124
4334	84156
4335	84844
4336	85316
4337	85736
4338	86066
4339	86320
4340	86347
4341	88235
4342	88345
4343	91261
4344	93790
4345	95175
4346	95311
4347	95313
4348	95377
4349	95654
4350	96020
4351	96373
4352	98604
4353	99145
4354	100302
4355	100553
4356	101088
4357	101962
4358	102602
4359	102666
4360	103235
4361	104780
4362	105593
4363	107159
4364	107408
4365	107410
4366	107412
4367	108540
4368	108727
4369	108981
4370	109633
4371	110586
4372	111622
4373	116411
4374	117444
4375	118166
4376	118888
4377	118896
4378	118985
4379	120138
4380	120478
4381	120625
4382	126090
4383	126426
4384	126430
4385	127098
4386	129514
4387	130970
4388	130976
4389	130978
4390	131237
4391	133716
4392	134041
4393	134095
4394	134109
4395	134184
4396	134252
4397	134326
4398	134849
4399	136445
4400	136447
4401	138835
4402	140038
4403	140265
4404	141810
4405	141816
4406	141818
4407	141820
4408	141836
4409	141844
4410	142020
4411	143511
4412	145994
4413	146028
4414	147196
4415	147250
4416	147282
4417	147286
4418	147300
4419	147326
4420	147328
4421	147330
4422	151769
4423	152591
4424	158402
4425	159811
4426	163072
4427	163112
4428	163134
4429	163386
4430	163925
4431	165959
4432	166183
4433	170411
4434	170597
4435	170777
4436	171749
4437	172577
4438	172583
4439	172585
4440	172587
4441	172589
4442	172637
4443	172793
4444	172825
4445	172909
4446	173351
4447	173355
4448	173535
4449	173619
4450	173963
4451	174551
4452	175293
4453	175387
4454	175397
4455	175401
4456	175431
4457	175435
4458	178613
4459	179133
4460	99636
4461	156
4462	1684
4463	2585
4464	3795
4465	4024
4466	4159
4467	4889
4468	4976
4469	4994
4470	5011
4471	5034
4472	5051
4473	5135
4474	5303
4475	5309
4476	5316
4477	5391
4478	5450
4479	5466
4480	5881
4481	6049
4482	283
4483	346
4484	528
4485	7096
4486	26171
4487	40870
4488	1856
4489	2447
4490	3979
4491	4228
4492	4247
4493	4649
4494	4900
4495	5025
4496	5363
4497	5501
4498	5524
4499	5564
4500	5942
4501	6003
4502	6482
4503	7225
4504	7285
4505	7439
4506	8531
4507	32298
4508	34520
4509	34530
4510	40581
4511	42007
4512	44840
4513	44972
4514	47640
4515	48322
4516	49396
4517	54732
4518	55245
4519	55261
4520	55872
4521	56805
4522	58156
4523	59143
4524	61255
4525	62439
4526	63479
4527	65585
4528	69436
4529	70565
4530	70641
4531	71205
4532	71668
4533	71838
4534	73929
4535	74275
4536	74532
4537	78174
4538	78209
4539	79428
4540	80139
4541	82852
4542	85022
4543	85367
4544	87483
4545	87529
4546	87867
4547	91323
4548	92264
4549	93270
4550	93443
4551	93831
4552	94478
4553	94953
4554	95720
4555	96616
4556	97172
4557	98083
4558	99007
4559	100083
4560	100194
4561	101142
4562	102720
4563	104218
4564	104644
4565	104925
4566	109282
4567	110669
4568	110771
4569	110773
4570	111375
4571	112497
4572	116977
4573	118930
4574	119153
4575	121372
4576	121374
4577	121715
4578	123200
4579	127116
4580	127152
4581	127390
4582	128097
4583	128099
4584	128914
4585	128975
4586	129737
4587	130087
4588	134861
4589	135137
4590	135436
4591	136443
4592	136471
4593	136511
4594	136598
4595	142422
4596	144606
4597	148652
4598	148956
4599	155509
4600	155812
4601	156609
4602	157312
4603	157699
4604	158813
4605	159161
4606	159441
4607	159755
4608	160080
4609	160271
4610	160289
4611	161024
4612	161580
4613	162344
4614	162478
4615	162602
4616	165103
4617	165483
4618	165645
4619	165671
4620	165843
4621	165947
4622	166461
4623	167634
4624	167746
4625	168144
4626	168326
4627	168418
4628	168632
4629	168846
4630	170357
4631	170399
4632	170401
4633	170813
4634	170817
4635	170897
4636	170937
4637	170957
4638	171251
4639	171631
4640	171867
4641	171891
4642	172215
4643	172547
4644	173255
4645	174045
4646	174815
4647	175577
4648	176329
4649	178323
4650	179427
4651	179953
4652	180265
4653	181139
4654	181659
4655	182749
4656	183197
4657	183227
4658	183959
4659	184015
4660	184257
4661	71
4662	779
4663	1043
4664	1589
4665	1600
4666	1735
4667	1829
4668	1897
4669	2132
4670	2166
4671	2331
4672	2475
4673	2749
4674	2764
4675	2844
4676	2969
4677	3099
4678	3103
4679	3217
4680	3251
4681	3296
4682	3537
4683	3546
4684	3831
4685	4003
4686	4063
4687	4083
4688	4130
4689	127198
4690	141718
4691	167732
4692	487
4693	2772
4694	4792
4695	62383
4696	73
4697	656
4698	46337
4699	66511
4700	85020
4701	95105
4702	99112
4703	103984
4704	108689
4705	109846
4706	110718
4707	110730
4708	112868
4709	114184
4710	114795
4711	117533
4712	117887
4713	120635
4714	127184
4715	128488
4716	130578
4717	131023
4718	131714
4719	135532
4720	136562
4721	136666
4722	138210
4723	141004
4724	165551
4725	52319
4726	70599
4727	71530
4728	77866
4729	95088
4730	96737
4731	97306
4732	112515
4733	115122
4734	121231
4735	144976
4736	69306
4737	81782
4738	112171
4739	143458
4740	501
4741	1844
4742	3342
4743	4082
4744	4738
4745	4864
4746	5088
4747	6902
4748	7008
4749	7265
4750	8254
4751	26681
4752	27022
4753	27482
4754	33201
4755	40148
4756	43836
4757	45440
4758	50842
4759	55278
4760	58301
4761	63276
4762	65130
4763	65642
4764	67695
4765	69516
4766	71304
4767	71429
4768	71520
4769	73488
4770	75985
4771	78218
4772	79553
4773	84952
4774	86721
4775	89190
4776	90403
4777	91470
4778	91690
4779	91947
4780	92694
4781	93855
4782	94931
4783	95690
4784	95761
4785	98607
4786	99437
4787	100882
4788	101112
4789	107630
4790	110330
4791	110882
4792	112623
4793	117466
4794	122890
4795	127096
4796	130490
4797	131749
4798	131920
4799	133217
4800	133771
4801	135567
4802	139855
4803	141408
4804	142420
4805	142456
4806	142509
4807	147142
4808	149144
4809	149146
4810	149830
4811	149902
4812	151455
4813	151695
4814	152083
4815	152091
4816	152284
4817	152970
4818	155064
4819	156371
4820	156387
4821	158783
4822	159415
4823	159717
4824	160563
4825	161634
4826	161966
4827	162082
4828	162578
4829	164881
4830	167790
4831	168266
4832	1066
4833	5159
4834	6093
4835	37830
4836	5959
4837	390
4838	567
4839	1318
4840	1554
4841	2729
4842	3067
4843	4168
4844	5284
4845	5508
4846	5969
4847	5970
4848	5992
4849	6251
4850	6291
4851	6774
4852	7773
4853	8973
4854	26776
4855	27731
4856	44694
4857	48082
4858	393
4859	893
4860	1422
4861	1483
4862	2798
4863	3102
4864	3327
4865	3812
4866	4037
4867	4066
4868	4467
4869	4553
4870	4613
4871	4634
4872	4812
4873	132
4874	188
4875	1949
4876	2330
4877	2940
4878	3679
4879	5177
4880	5385
4881	6986
4882	6987
4883	7171
4884	7762
4885	26084
4886	2582
4887	2924
4888	59103
4889	8640
4890	373
4891	1344
4892	1401
4893	1465
4894	1661
4895	1727
4896	1950
4897	1957
4898	2070
4899	2077
4900	2344
4901	2561
4902	2590
4903	2682
4904	2775
4905	2819
4906	2889
4907	2996
4908	3011
4909	3055
4910	3093
4911	3117
4912	3185
4913	3372
4914	3557
4915	3597
4916	3684
4917	3737
4918	3873
4919	3906
4920	3983
4921	3985
4922	3998
4923	4031
4924	4035
4925	4042
4926	4056
4927	4167
4928	4187
4929	4225
4930	4234
4931	4243
4932	4259
4933	4265
4934	4337
4935	4339
4936	4368
4937	4534
4938	4535
4939	4703
4940	4719
4941	4727
4942	4736
4943	4795
4944	4799
4945	4822
4946	4836
4947	4857
4948	4866
4949	4921
4950	4991
4951	5016
4952	5102
4953	5107
4954	5187
4955	5256
4956	5282
4957	5338
4958	5357
4959	5358
4960	5435
4961	5506
4962	5563
4963	5611
4964	5699
4965	5873
4966	5879
4967	5899
4968	5947
4969	6185
4970	6213
4971	6246
4972	6279
4973	6299
4974	6386
4975	6448
4976	6669
4977	6808
4978	6950
4979	7076
4980	7161
4981	7324
4982	8121
4983	8199
4984	26172
4985	26865
4986	27821
4987	31700
4988	32017
4989	34334
4990	34534
4991	37727
4992	39307
4993	42009
4994	42730
4995	43917
4996	44399
4997	47044
4998	49524
4999	49910
5000	6332
5001	6619
5002	7255
5003	7316
5004	8827
5005	32289
5006	36525
5007	78316
5008	103606
5009	27416
5010	98243
5011	160718
5012	1334
5013	2038
5014	2091
5015	9
5016	75
5017	634
5018	813
5019	840
5020	885
5021	1432
5022	36535
5023	56715
5024	64034
5025	81456
5026	85885
5027	100843
5028	101973
5029	105355
5030	112454
5031	133780
5032	138396
5033	152270
5034	173145
5035	177615
5036	179709
5037	86644
5038	130634
5039	1516
5040	2879
5041	2880
5042	3286
5043	3287
5044	3618
5045	425
5046	764
5047	869
5048	1078
5049	1162
5050	1264
5051	1836
5052	1948
5053	2130
5054	2239
5055	2247
5056	2290
5057	2349
5058	2361
5059	2511
5060	2734
5061	2750
5062	2779
5063	2863
5064	2946
5065	2970
5066	3028
5067	3076
5068	3096
5069	3130
5070	3134
5071	3141
5072	3167
5073	3200
5074	3223
5075	3224
5076	3283
5077	3341
5078	3467
5079	3473
5080	3492
5081	3503
5082	3506
5083	4205
5084	4784
5085	5637
5086	5788
5087	5847
5088	6509
5089	6658
5090	6684
5091	7089
5092	7107
5093	8128
5094	8571
5095	8614
5096	26313
5097	31038
5098	2392
5099	27674
5100	55391
5101	66320
5102	242
5103	718
5104	990
5105	1107
5106	1163
5107	1627
5108	1713
5109	1969
5110	1979
5111	2051
5112	2126
5113	2162
5114	2210
5115	2252
5116	2314
5117	2364
5118	2367
5119	2531
5120	2745
5121	2748
5122	2769
5123	2789
5124	2818
5125	2977
5126	2986
5127	3357
5128	3572
5129	3616
5130	3649
5131	3858
5132	3864
5133	3877
5134	4055
5135	4450
5136	4735
5137	6250
5138	6319
5139	6322
5140	6538
5141	5643
5142	45732
5143	1821
5144	1837
5145	3404
5146	4440
5147	5415
5148	5485
5149	5527
5150	5530
5151	5993
5152	6480
5153	4406
5154	7333
5155	7934
5156	26078
5157	26131
5158	33564
5159	2017
5160	2084
5161	4142
5162	4193
5163	4373
5164	4867
5165	4936
5166	4951
5167	5222
5168	5472
5169	5941
5170	6005
5171	6252
5172	6324
5173	6339
5174	6568
5175	7045
5176	7060
5177	7080
5178	7614
5179	8008
5180	1051
5181	1454
5182	2526
5183	5410
5184	7259
5185	8362
5186	8911
5187	33880
5188	39427
5189	43904
5190	44613
5191	47382
5192	1929
5193	1931
5194	1936
5195	1938
5196	2013
5197	2176
5198	2847
5199	3364
5200	3564
5201	3801
5202	3909
5203	3964
5204	4920
5205	5264
5206	5387
5207	6212
5208	6412
5209	6429
5210	6483
5211	6624
5212	6856
5213	7054
5214	7065
5215	7078
5216	7121
5217	7164
5218	7215
5219	7222
5220	7243
5221	7302
5222	7366
5223	7369
5224	7728
5225	8600
5226	8609
5227	8695
5228	8718
5229	8860
5230	8948
5231	9008
5232	25746
5233	25750
5234	25771
5235	25797
5236	25827
5237	25856
5238	25906
5239	27772
5240	31297
5241	33499
5242	33669
5243	34336
5244	35957
5245	39449
5246	40826
5247	42011
5248	42015
5249	43560
5250	45081
5251	46974
5252	48412
5253	48593
5254	49389
5255	51925
5256	51939
5257	52694
5258	56176
5259	60161
5260	61406
5261	63853
5262	65261
5263	66297
5264	67788
5265	70159
5266	71970
5267	72731
5268	72733
5269	77846
5270	78574
5271	80126
5272	83132
5273	86487
5274	89804
5275	89939
5276	90647
5277	93008
5278	95558
5279	98154
5280	123545
5281	5665
5282	6380
5283	33903
5284	725
5285	169
5286	453
5287	97
5288	166
5289	600
5290	760
5291	1437
5292	1447
5293	1546
5294	1598
5295	1611
5296	1649
5297	1695
5298	1827
5299	1941
5300	2022
5301	2025
5302	2181
5303	2295
5304	2474
5305	2563
5306	2607
5307	2691
5308	2696
5309	2765
5310	2971
5311	2976
5312	3003
5313	3078
5314	3150
5315	3158
5316	3323
5317	3474
5318	3521
5319	3598
5320	3747
5321	3761
5322	3862
5323	3879
5324	3888
5325	3895
5326	3915
5327	3925
5328	3947
5329	3955
5330	3992
5331	3993
5332	4032
5333	4052
5334	4133
5335	4146
5336	4152
5337	4157
5338	4160
5339	4178
5340	4275
5341	4305
5342	4307
5343	4313
5344	4350
5345	4389
5346	4407
5347	4439
5348	4452
5349	4628
5350	4640
5351	4642
5352	4644
5353	4699
5354	4723
5355	4770
5356	4811
5357	4815
5358	4826
5359	4849
5360	4879
5361	4888
5362	4898
5363	4911
5364	4919
5365	4959
5366	4978
5367	5046
5368	5062
5369	5083
5370	5095
5371	5131
5372	5155
5373	5298
5374	5323
5375	5325
5376	5347
5377	5379
5378	5421
5379	5423
5380	5425
5381	5427
5382	5486
5383	5498
5384	5522
5385	5609
5386	5612
5387	5615
5388	5646
5389	5666
5390	5668
5391	5680
5392	5684
5393	5772
5394	5809
5395	5818
5396	5999
5397	6002
5398	6041
5399	6062
5400	6067
5401	6192
5402	6215
5403	6217
5404	6264
5405	6285
5406	6294
5407	6330
5408	6334
5409	6335
5410	6341
5411	6551
5412	6571
5413	6572
5414	6588
5415	6645
5416	6679
5417	6688
5418	6881
5419	6890
5420	6932
5421	6969
5422	6971
5423	6978
5424	7038
5425	7264
5426	7299
5427	7352
5428	7354
5429	7449
5430	7698
5431	8042
5432	1582
5433	2457
5434	2534
5435	3573
5436	3726
5437	68959
5438	70533
5439	74754
5440	84187
5441	103210
5442	104303
5443	106873
5444	109578
5445	109848
5446	117895
5447	122906
5448	127212
5449	148978
5450	157369
5451	158035
5452	161594
5453	162968
5454	162982
5455	164917
5456	165635
5457	165639
5458	166291
5459	168090
5460	168218
5461	170907
5462	172705
5463	173235
5464	174479
5465	175475
5466	175585
5467	177285
5468	177939
5469	178111
5470	178827
5471	180297
5472	180497
5473	180985
5474	180987
5475	181413
5476	183911
5477	184641
5478	189333
5479	191005
5480	193565
5481	193567
5482	193571
5483	193573
5484	193579
5485	193581
5486	193583
5487	193585
5488	193587
5489	1685
5490	1767
5491	2799
5492	5804
5493	952
5494	2035
5495	2208
5496	2346
5497	2527
5498	3068
5499	3516
5500	3711
5501	3927
5502	4813
5503	5039
5504	5214
5505	5493
5506	5497
5507	5499
5508	5540
5509	2557
5510	2810
5511	3091
5512	3627
5513	4785
5514	5244
5515	5570
5516	5909
5517	6368
5518	7044
5519	7844
5520	7976
5521	7981
5522	8491
5523	8582
5524	8607
5525	25788
5526	25825
5527	26122
5528	26840
5529	27592
5530	27850
5531	27865
5532	27879
5533	27912
5534	31364
5535	32387
5536	33138
5537	33421
5538	33896
5539	37240
5540	39869
5541	46572
5542	49263
5543	49932
5544	1951
5545	2436
5546	2967
5547	3469
5548	72
5549	99
5550	148
5551	155
5552	178
5553	229
5554	269
5555	496
5556	668
5557	26116
5558	1392
5559	1502
5560	1755
5561	1306
5562	2575
5563	2744
5564	3436
5565	3894
5566	3932
5567	4174
5568	4808
5569	4932
5570	5607
5571	698
5572	731
5573	1055
5574	2165
5575	2670
5576	2674
5577	2815
5578	3129
5579	4608
5580	5670
5581	8532
5582	8833
5583	45210
5584	56274
5585	57243
5586	4722
5587	5139
5588	5610
5589	27685
5590	34321
5591	45106
5592	50802
5593	62299
5594	49
5595	461
5596	574
5597	679
5598	1176
5599	1312
5600	2024
5601	2147
5602	2983
5603	3036
5604	3138
5605	3194
5606	3214
5607	3329
5608	3402
5609	3445
5610	3470
5611	3528
5612	3682
5613	3724
5614	3725
5615	3834
5616	5949
5617	8815
5618	27075
5619	27368
5620	54372
5621	58332
5622	59604
5623	67295
5624	79008
5625	81132
5626	83601
5627	71462
5628	179817
5629	140956
5630	185029
5631	4625
5632	7810
5633	7811
5634	7812
5635	34397
5636	40697
5637	51562
5638	56915
5639	62834
5640	62836
5641	65651
5642	77795
5643	100611
5644	106642
5645	117192
5646	117646
5647	119167
5648	123553
5649	128842
5650	130444
5651	140359
5652	146662
5653	147372
5654	147374
5655	147376
5656	147378
5657	147380
5658	147382
5659	147384
5660	150596
5661	159779
5662	166203
5663	179511
5664	180031
5665	184053
5666	189547
5667	87192
5668	87234
5669	92439
5670	106144
5671	107314
5672	113573
5673	161922
5674	168366
5675	170697
5676	174909
5677	175197
5678	182823
5679	183897
5680	188751
5681	43679
5682	57274
5683	86142
5684	89582
5685	83
5686	55451
5687	927
5688	3422
5689	3963
5690	275
5691	429
5692	438
5693	444
5694	504
5695	517
5696	564
5697	692
5698	809
5699	870
5700	1007
5701	1085
5702	1126
5703	1581
5704	1599
5705	1602
5706	1626
5707	1671
5708	1677
5709	1686
5710	1731
5711	1867
5712	1875
5713	1937
5714	2056
5715	2152
5716	2350
5717	2373
5718	2382
5719	2473
5720	2477
5721	2525
5722	2535
5723	2537
5724	2741
5725	2786
5726	2816
5727	2851
5728	3014
5729	3132
5730	3165
5731	3389
5732	3392
5733	3406
5734	3417
5735	3431
5736	3432
5737	3433
5738	3434
5739	3524
5740	3529
5741	6425
5742	1752
5743	2296
5744	3054
5745	4749
5746	5047
5747	7319
5748	8880
5749	31221
5750	36708
5751	37380
5752	41716
5753	46335
5754	46850
5755	54768
5756	55020
5757	55292
5758	56156
5759	61246
5760	61348
5761	1430
5762	4219
5763	60937
5764	62344
5765	62437
5766	63540
5767	64231
5768	2469
5769	3090
5770	3095
5771	4338
5772	4605
5773	5248
5774	5382
5775	6306
5776	6639
5777	6724
5778	7013
5779	7056
5780	7072
5781	7216
5782	7311
5783	8044
5784	8364
5785	9018
5786	25773
5787	25841
5788	26375
5789	27768
5790	27776
5791	27820
5792	27882
5793	27899
5794	30818
5795	30846
5796	31437
5797	31610
5798	31692
5799	31702
5800	32022
5801	32584
5802	32632
5803	32770
5804	2205
5805	5523
5806	5710
5807	6290
5808	8363
5809	26322
5810	26732
5811	59014
5812	62250
5813	66744
5814	81831
5815	91483
5816	91628
5817	95307
5818	95949
5819	96448
5820	97168
5821	97860
5822	101531
5823	103137
5824	2747
5825	55854
5826	3496
5827	1130
5828	2327
5829	2633
5830	3042
5831	63
5832	1236
5833	1655
5834	1887
5835	2432
5836	2514
5837	2515
5838	2984
5839	3688
5840	3843
5841	4229
5842	4233
5843	4544
5844	4782
5845	5456
5846	5584
5847	6298
5848	6523
5849	6625
5850	6695
5851	6938
5852	7103
5853	7448
5854	32666
5855	37720
5856	45028
5857	51088
5858	38304
5859	85342
5860	8626
5861	34330
5862	52715
5863	55241
5864	55553
5865	4789
5866	5458
5867	5478
5868	5572
5869	5573
5870	6013
5871	6040
5872	6057
5873	6186
5874	6374
5875	6615
5876	6862
5877	6951
5878	6959
5879	7150
5880	7257
5881	7258
5882	7261
5883	7262
5884	7376
5885	7440
5886	8369
5887	8530
5888	8799
5889	8830
5890	8835
5891	8836
5892	8864
5893	8912
5894	8916
5895	8918
5896	8939
5897	27434
5898	27790
5899	27816
5900	27837
5901	27839
5902	30883
5903	30894
5904	31114
5905	31223
5906	31427
5907	31431
5908	31445
5909	31867
5910	32009
5911	32011
5912	32019
5913	32589
5914	33148
5915	33158
5916	33164
5917	33639
5918	33815
5919	34129
5920	34271
5921	34532
5922	36509
5923	36533
5924	37477
5925	37853
5926	38798
5927	39231
5928	39435
5929	40851
5930	40946
5931	41769
5932	42728
5933	42732
5934	43556
5935	43871
5936	43919
5937	43932
5938	44397
5939	44731
5940	45208
5941	45442
5942	45662
5943	48161
5944	48596
5945	49220
5946	49276
5947	49284
5948	49793
5949	50005
5950	50158
5951	50445
5952	50798
5953	50923
5954	51082
5955	51412
5956	51698
5957	51933
5958	51937
5959	52283
5960	52712
5961	53127
5962	54256
5963	55995
5964	57326
5965	57526
5966	58105
5967	58627
5968	58876
5969	59985
5970	61705
5971	62081
5972	62511
5973	66509
5974	67186
5975	67197
5976	70301
5977	70334
5978	71252
5979	71254
5980	71823
5981	73515
5982	78893
5983	81512
5984	78103
5985	118198
5986	134214
5987	136912
5988	162600
5989	178061
5990	183011
5991	42
5992	577
5993	917
5994	1460
5995	1495
5996	1707
5997	1826
5998	2050
5999	2566
6000	3672
6001	1998
6002	4329
6003	4498
6004	4803
6005	4852
6006	4916
6007	4917
6008	4945
6009	4946
6010	4947
6011	4957
6012	81786
6013	118700
6014	547
6015	2919
6016	3566
6017	3106
6018	123
6019	757
6020	4956
6021	5279
6022	7486
6023	8327
6024	27320
6025	61026
6026	68486
6027	80615
6028	80969
6029	83613
6030	90888
6031	82169
6032	120799
6033	151763
6034	4470
6035	4531
6036	5784
6037	7016
6038	26686
6039	27478
6040	32213
6041	33085
6042	38294
6043	39400
6044	47254
6045	47810
6046	51037
6047	58315
6048	65810
6049	66171
6050	69606
6051	70361
6052	72605
6053	73431
6054	75813
6055	77667
6056	78039
6057	78088
6058	80862
6059	82053
6060	84637
6061	84942
6062	85056
6063	85131
6064	85510
6065	86295
6066	86835
6067	86960
6068	87298
6069	88699
6070	88954
6071	89047
6072	89840
6073	90057
6074	90430
6075	90439
6076	90531
6077	91622
6078	91978
6079	92008
6080	92507
6081	93363
6082	93512
6083	93563
6084	93766
6085	94266
6086	94780
6087	95207
6088	95309
6089	95583
6090	95873
6091	96411
6092	96417
6093	98239
6094	99750
6095	99910
6096	100163
6097	101025
6098	101076
6099	101362
6100	102033
6101	102684
6102	103539
6103	103624
6104	103655
6105	104243
6106	105351
6107	107953
6108	108928
6109	109042
6110	109673
6111	110297
6112	110350
6113	111364
6114	112070
6115	143365
6116	143367
6117	146210
6118	148888
6119	160954
6120	169984
6121	173941
6122	175569
6123	184253
6124	185435
6125	6983
6126	142115
6127	4217
6128	26366
6129	26524
6130	44633
6131	58309
6132	5319
6133	44929
6134	48883
6135	1739
6136	2907
6137	3929
6138	4480
6139	121171
6140	131656
6141	140725
6142	146024
6143	128
6144	2348
6145	2766
6146	2859
6147	4529
6148	4711
6149	5137
6150	5820
6151	6027
6152	6337
6153	6370
6154	6713
6155	7564
6156	7815
6157	8011
6158	8015
6159	294
6160	988
6161	1415
6162	7879
6163	8535
6164	7303
6165	388
6166	1807
6167	2240
6168	2377
6169	2445
6170	3733
6171	3807
6172	476
6173	2812
6174	1791
6175	1964
6176	2178
6177	2182
6178	2593
6179	2630
6180	2829
6181	619
6182	886
6183	1255
6184	1327
6185	1497
6186	1503
6187	1992
6188	1993
6189	2170
6190	2448
6191	2498
6192	2517
6193	2846
6194	2974
6195	3235
6196	3511
6197	3652
6198	3676
6199	3696
6200	3857
6201	3908
6202	3938
6203	4030
6204	4143
6205	4224
6206	4248
6207	4533
6208	4683
6209	4748
6210	4771
6211	5076
6212	5080
6213	5127
6214	5401
6215	5452
6216	5556
6217	5569
6218	5667
6219	5833
6220	5853
6221	6196
6222	6220
6223	6379
6224	6405
6225	6559
6226	6664
6227	6715
6228	6794
6229	6868
6230	6872
6231	7024
6232	7117
6233	7228
6234	7236
6235	7321
6236	7362
6237	7368
6238	7646
6239	7845
6240	7846
6241	7894
6242	8142
6243	8225
6244	8241
6245	8578
6246	8831
6247	8906
6248	8967
6249	26242
6250	26492
6251	26523
6252	26629
6253	26736
6254	26870
6255	27311
6256	27604
6257	27618
6258	27822
6259	30745
6260	31193
6261	31909
6262	33132
6263	33834
6264	34323
6265	37382
6266	37475
6267	38992
6268	40723
6269	42285
6270	43549
6271	44828
6272	45361
6273	50147
6274	50440
6275	50800
6276	51091
6277	51498
6278	53468
6279	54648
6280	54785
6281	56012
6282	57536
6283	57910
6284	58870
6285	59727
6286	60037
6287	60291
6288	60522
6289	60538
6290	60979
6291	65126
6292	66427
6293	66783
6294	69251
6295	69275
6296	70994
6297	71211
6298	71379
6299	71500
6300	74075
6301	74685
6302	74851
6303	77364
6304	78041
6305	79274
6306	80846
6307	298
6308	556
6309	1123
6310	1406
6311	1533
6312	1571
6313	1574
6314	1594
6315	1904
6316	2069
6317	2073
6318	2212
6319	2323
6320	2624
6321	2824
6322	2937
6323	2964
6324	3038
6325	3046
6326	3192
6327	3302
6328	3384
6329	3480
6330	3728
6331	3794
6332	3914
6333	4061
6334	4116
6335	4285
6336	4334
6337	4345
6338	4384
6339	4809
6340	5147
6341	5241
6342	5258
6343	5272
6344	5603
6345	5723
6346	5745
6347	5884
6348	5938
6349	6122
6350	6254
6351	1167
6352	107069
6353	60293
6354	70984
6355	71619
6356	73266
6357	86817
6358	91079
6359	4091
6360	113207
6361	6086
6362	5876
6363	963
6364	1008
6365	1128
6366	1389
6367	1660
6368	1983
6369	1984
6370	1995
6371	2043
6372	2055
6373	2057
6374	2095
6375	2098
6376	2120
6377	2163
6378	2241
6379	2259
6380	2286
6381	2347
6382	2365
6383	2400
6384	2460
6385	2462
6386	2852
6387	2866
6388	2902
6389	2903
6390	3015
6391	3161
6392	3313
6393	3331
6394	3345
6395	3368
6396	3525
6397	3689
6398	3767
6399	3771
6400	3806
6401	3833
6402	3846
6403	3926
6404	3928
6405	3930
6406	3957
6407	3971
6408	3974
6409	4000
6410	4009
6411	4010
6412	4043
6413	4110
6414	4412
6415	4443
6416	4459
6417	4473
6418	4492
6419	4506
6420	4522
6421	4709
6422	4953
6423	4966
6424	5428
6425	5462
6426	5543
6427	5544
6428	5638
6429	7619
6430	8959
6431	31923
6432	34528
6433	37736
6434	42418
6435	43460
6436	43869
6437	46967
6438	47261
6439	47950
6440	48416
6441	60760
6442	6125
6443	6453
6444	26704
6445	129
6446	341
6447	1699
6448	2066
6449	2439
6450	2494
6451	2549
6452	2660
6453	2932
6454	2988
6455	3007
6456	3559
6457	3634
6458	3713
6459	3738
6460	3849
6461	102007
6462	2828
6463	3086
6464	3871
6465	4830
6466	7720
6467	8383
6468	33677
6469	68597
6470	80839
6471	87522
6472	92192
6473	96121
6474	97470
6475	113345
6476	115231
6477	127323
6478	129937
6479	130576
6480	165549
6481	278
6482	470
6483	499
6484	998
6485	1440
6486	2149
6487	2736
6488	3043
6489	3412
6490	3544
6491	3667
6492	3710
6493	160848
6494	169034
6495	171765
6496	1439
6497	1526
6498	1746
6499	4733
6500	4757
6501	4845
6502	5128
6503	6554
6504	6811
6505	7460
6506	7926
6507	26887
6508	34523
6509	36537
6510	50610
6511	54745
6512	54934
6513	58655
6514	58806
6515	61729
6516	62113
6517	67799
6518	68600
6519	70663
6520	71248
6521	72405
6522	74452
6523	74916
6524	76060
6525	84615
6526	90376
6527	91128
6528	103048
6529	109895
6530	112370
6531	112911
6532	116138
6533	127108
6534	134528
6535	134783
6536	134808
6537	136449
6538	138798
6539	8261
6540	944
6541	6818
6542	26249
6543	49347
6544	60516
6545	64499
6546	64501
6547	72294
6548	74624
6549	74868
6550	79251
6551	80590
6552	85788
6553	89118
6554	91842
6555	94018
6556	105197
6557	105585
6558	106441
6559	106785
6560	109850
6561	112818
6562	112897
6563	114246
6564	118706
6565	131796
6566	132796
6567	140627
6568	145418
6569	148671
6570	158027
6571	160400
6572	163985
6573	177763
6574	185585
6575	92391
6576	104908
6577	105731
6578	115664
6579	122884
6580	140016
6581	149334
6582	156726
6583	158528
6584	159858
6585	175199
6586	183295
6587	409
6588	1323
6589	1325
6590	1328
6591	1490
6592	2154
6593	2190
6594	2332
6595	2506
6596	2516
6597	2559
6598	2639
6599	2787
6600	2962
6601	3051
6602	3145
6603	3280
6604	3423
6605	3478
6606	3830
6607	3943
6608	4127
6609	4181
6610	4371
6611	4403
6612	4520
6613	4584
6614	4602
6615	4619
6616	4662
6617	4673
6618	4697
6619	4750
6620	4835
6621	4862
6622	4885
6623	4893
6624	4915
6625	5099
6626	5170
6627	5255
6628	5361
6629	5443
6630	5454
6631	5538
6632	5539
6633	5590
6634	5664
6635	5696
6636	5735
6637	5736
6638	5883
6639	5927
6640	6153
6641	6265
6642	6316
6643	6558
6644	6705
6645	6827
6646	6850
6647	6999
6648	7026
6649	7030
6650	7282
6651	7636
6652	7708
6653	7781
6654	8169
6655	8402
6656	8506
6657	9005
6658	26133
6659	26792
6660	27555
6661	27838
6662	30848
6663	31422
6664	31424
6665	33171
6666	33681
6667	34143
6668	34326
6669	37857
6670	39234
6671	48142
6672	48518
6673	48678
6674	49314
6675	52375
6676	52867
6677	53956
6678	53974
6679	55272
6680	55729
6681	56003
6682	58287
6683	65601
6684	65738
6685	65740
6686	65882
6687	973
6688	1946
6689	3171
6690	3872
6691	4432
6692	5398
6693	6452
6694	6706
6695	7218
6696	7943
6697	25886
6698	3330
6699	4483
6700	6410
6701	7184
6702	7305
6703	40
6704	6561
6705	680
6706	3732
6707	4117
6708	4754
6709	5433
6710	5925
6711	2275
6712	3889
6713	4180
6714	4210
6715	618
6716	703
6717	2896
6718	74545
6719	81158
6720	82667
6721	104272
6722	110387
6723	121253
6724	133115
6725	773
6726	823
6727	1419
6728	3569
6729	3736
6730	3845
6731	4256
6732	4612
6733	4708
6734	4825
6735	5202
6736	5238
6737	5475
6738	5838
6739	6197
6740	6241
6741	6329
6742	7071
6743	7124
6744	7238
6745	7459
6746	7979
6747	8190
6748	8484
6749	8724
6750	8748
6751	26003
6752	26048
6753	26059
6754	26073
6755	26158
6756	26225
6757	26317
6758	26713
6759	26928
6760	27003
6761	27176
6762	27186
6763	27328
6764	31545
6765	31952
6766	32511
6767	32554
6768	32906
6769	32917
6770	40955
6771	42176
6772	44931
6773	47446
6774	48001
6775	48638
6776	49917
6777	51174
6778	53574
6779	53883
6780	54185
6781	54354
6782	57772
6783	58376
6784	60408
6785	60885
6786	61394
6787	62208
6788	64167
6789	65037
6790	65225
6791	65631
6792	67508
6793	68444
6794	69746
6795	69953
6796	71131
6797	71147
6798	71453
6799	71468
6800	71494
6801	71867
6802	72171
6803	72714
6804	72921
6805	74089
6806	74226
6807	74791
6808	76054
6809	76173
6810	76738
6811	77191
6812	77233
6813	78836
6814	79073
6815	80478
6816	80553
6817	81191
6818	83827
6819	83976
6820	84273
6821	84716
6822	85213
6823	86237
6824	86279
6825	86922
6826	87304
6827	87444
6828	87660
6829	89030
6830	89945
6831	90245
6832	90357
6833	90528
6834	90630
6835	90769
6836	91784
6837	91860
6838	92422
6839	92637
6840	94735
6841	96084
6842	97904
6843	100044
6844	100106
6845	100277
6846	101741
6847	102742
6848	102823
6849	105254
6850	106648
6851	109187
6852	109383
6853	109968
6854	111817
6855	113348
6856	114847
6857	116505
6858	117364
6859	117531
6860	117545
6861	117849
6862	118784
6863	118880
6864	120761
6865	121169
6866	124853
6867	127114
6868	127172
6869	127180
6870	127204
6871	127298
6872	128900
6873	128902
6874	128991
6875	133802
6876	134019
6877	134796
6878	136024
6879	138966
6880	140162
6881	140737
6882	140816
6883	143525
6884	143896
6885	144478
6886	145080
6887	147002
6888	148424
6889	150696
6890	152065
6891	155774
6892	158842
6893	159976
6894	160684
6895	168612
6896	170355
6897	171495
6898	173197
6899	173291
6900	173317
6901	179135
6902	184245
6903	188675
6904	188833
6905	189381
6906	26555
6907	2882
6908	110127
6909	111443
6910	3884
6911	3899
6912	3912
6913	30
6914	80
6915	183
6916	2425
6917	2848
6918	2894
6919	4086
6920	4263
6921	4294
6922	4471
6923	4500
6924	4523
6925	4714
6926	4717
6927	4927
6928	5033
6929	5075
6930	5980
6931	27866
6932	70451
6933	73344
6934	81257
6935	84240
6936	102194
6937	165101
6938	130482
6939	136850
6940	26528
6941	193609
6942	3420
6943	5226
6944	7925
6945	26564
6946	80917
6947	92938
6948	93610
6949	97757
6950	3567
6951	3580
6952	30850
6953	47404
6954	59118
6955	189043
6956	189111
6957	190207
6958	190209
6959	190213
6960	190215
6961	190219
6962	190221
6963	6869
6964	56869
6965	58842
6966	77177
6967	82378
6968	90345
6969	92243
6970	109687
6971	115969
6972	141749
6973	141890
6974	156783
6975	166946
6976	176751
6977	94405
6978	2188
6979	2370
6980	2676
6981	2975
6982	4195
6983	4419
6984	5404
6985	5707
6986	27751
6987	38164
6988	521
6989	1572
6990	2442
6991	4297
6992	4404
6993	4422
6994	5951
6995	6023
6996	6286
6997	6530
6998	7084
6999	7115
7000	7178
7001	7179
7002	7820
7003	7937
7004	7940
7005	8405
7006	32179
7007	6223
7008	6263
7009	40412
7010	52579
7011	54787
7012	55555
7013	57843
7014	60857
7015	60894
7016	88179
7017	88272
7018	88932
7019	89028
7020	89761
7021	90353
7022	90471
7023	92048
7024	5074
7025	7122
7026	34164
7027	44889
7028	48744
7029	58492
7030	59141
7031	1996
7032	4354
7033	4622
7034	6612
7035	8580
7036	8998
7037	27329
7038	53024
7039	59810
7040	73854
7041	74282
7042	93040
7043	96563
7044	2226
7045	26095
7046	65350
7047	70687
7048	85334
7049	87028
7050	89386
7051	26472
7052	1647
7053	161127
7054	176389
7055	176579
7056	96964
7057	101415
7058	106062
7059	107997
7060	109569
7061	113604
7062	114494
7063	132888
7064	145935
7065	148172
7066	155288
7067	155820
7068	1565
7069	2695
7070	3299
7071	3453
7072	4053
7073	4078
7074	4505
7075	4517
7076	2307
7077	2399
7078	3127
7079	3162
7080	3545
7081	3716
7082	3731
7083	3758
7084	3922
7085	33312
7086	55167
7087	112512
7088	335
7089	882
7090	1351
7091	1352
7092	1601
7093	3648
7094	4434
7095	4942
7096	5113
7097	5288
7098	5468
7099	5706
7100	5979
7101	6021
7102	6654
7103	6656
7104	6836
7105	6899
7106	7104
7107	7304
7108	7756
7109	7834
7110	8138
7111	8610
7112	25959
7113	27692
7114	32139
7115	42556
7116	56837
7117	71302
7118	71999
7119	80748
7120	84799
7121	87287
7122	92760
7123	94262
7124	152
7125	2656
7126	4444
7127	4814
7128	5134
7129	5476
7130	6889
7131	7310
7132	8526
7133	26585
7134	26999
7135	27584
7136	27683
7137	27802
7138	31698
7139	31804
7140	32456
7141	32743
7142	33644
7143	40614
7144	40617
7145	44020
7146	47124
7147	51927
7148	52950
7149	58404
7150	60818
7151	63222
7152	64249
7153	65133
7154	68194
7155	71129
7156	72601
7157	74750
7158	77798
7159	82744
7160	84414
7161	88515
7162	90603
7163	94160
7164	94985
7165	95004
7166	95147
7167	95149
7168	95182
7169	95473
7170	95475
7171	95497
7172	96007
7173	96815
7174	97643
7175	97785
7176	101739
7177	102058
7178	102084
7179	103233
7180	103449
7181	104141
7182	104419
7183	104457
7184	107723
7185	108795
7186	113278
7187	134524
7188	137863
7189	152173
7190	161354
7191	162598
7192	163056
7193	166558
7194	169982
7195	172497
7196	172875
7197	172881
7198	172887
7199	176935
7200	179119
7201	182639
7202	31435
7203	43376
7204	45074
7205	53326
7206	55259
7207	63808
7208	1003
7209	4580
7210	4632
7211	8387
7212	26764
7213	26765
7214	46865
7215	47952
7216	48598
7217	49647
7218	50003
7219	52279
7220	65685
7221	72696
7222	88356
7223	91660
7224	93139
7225	95796
7226	100737
7227	104074
7228	104076
7229	112460
7230	114713
7231	116887
7232	122902
7233	126482
7234	130686
7235	131934
7236	142372
7237	152079
7238	158254
7239	170289
7240	2546
7241	2669
7242	2856
7243	4276
7244	4323
7245	4355
7246	206
7247	363
7248	841
7249	1161
7250	1329
7251	1662
7252	1770
7253	1977
7254	2071
7255	2074
7256	2303
7257	2488
7258	2632
7259	3455
7260	3587
7261	3680
7262	3765
7263	3813
7264	3838
7265	3865
7266	3919
7267	4064
7268	4065
7269	4191
7270	4278
7271	4289
7272	4298
7273	4390
7274	4392
7275	4393
7276	4408
7277	4409
7278	4426
7279	4429
7280	4441
7281	4527
7282	4552
7283	4563
7284	4614
7285	4687
7286	4833
7287	4985
7288	4988
7289	5121
7290	5156
7291	5397
7292	5465
7293	5489
7294	5515
7295	5531
7296	5780
7297	5974
7298	5984
7299	6035
7300	6063
7301	6100
7302	6123
7303	6184
7304	6465
7305	6533
7306	6577
7307	6710
7308	6748
7309	6885
7310	6918
7311	6981
7312	7088
7313	7091
7314	7102
7315	7116
7316	7205
7317	7301
7318	7328
7319	7336
7320	7386
7321	7394
7322	7450
7323	7581
7324	7616
7325	7745
7326	7749
7327	7895
7328	7936
7329	7938
7330	7939
7331	7951
7332	7987
7333	7993
7334	8188
7335	8195
7336	8196
7337	8239
7338	8270
7339	8290
7340	8512
7341	8542
7342	8596
7343	8670
7344	25898
7345	25963
7346	26002
7347	26052
7348	26124
7349	26151
7350	26231
7351	26303
7352	26694
7353	31590
7354	31737
7355	32314
7356	32392
7357	33188
7358	40966
7359	41617
7360	44657
7361	44759
7362	44864
7363	46772
7364	47465
7365	52462
7366	52644
7367	6158
7368	63239
7369	104245
7370	6344
7371	7208
7372	27695
7373	44943
7374	59995
7375	695
7376	1150
7377	1900
7378	2708
7379	4237
7380	4562
7381	4965
7382	5470
7383	5477
7384	5537
7385	5575
7386	130842
7387	1701
7388	6408
7389	8738
7390	26147
7391	26631
7392	60333
7393	42734
7394	170939
7395	61465
7396	61697
7397	7134
7398	26810
7399	27664
7400	59814
7401	70708
7402	77266
7403	6776
7404	70305
7405	85412
7406	87785
7407	103596
7408	136540
7409	3590
7410	3760
7411	389
7412	549
7413	670
7414	824
7415	3823
7416	3855
7417	4077
7418	4175
7419	4268
7420	119
7421	386
7422	650
7423	1040
7424	1121
7425	1332
7426	1484
7427	1605
7428	1609
7429	1656
7430	1870
7431	1922
7432	2007
7433	2119
7434	2172
7435	2260
7436	2264
7437	2271
7438	2472
7439	2482
7440	2552
7441	2570
7442	2751
7443	2835
7444	2884
7445	2891
7446	2893
7447	2928
7448	2979
7449	3008
7450	3111
7451	3206
7452	3378
7453	3391
7454	3539
7455	3581
7456	3625
7457	3790
7458	3847
7459	3898
7460	3900
7461	3951
7462	3953
7463	4012
7464	4081
7465	4089
7466	4115
7467	4123
7468	4125
7469	4138
7470	4139
7471	4147
7472	4221
7473	4242
7474	4290
7475	4312
7476	4353
7477	4451
7478	4458
7479	4462
7480	4463
7481	4475
7482	4478
7483	4488
7484	4524
7485	4573
7486	4583
7487	4595
7488	4600
7489	4610
7490	4617
7491	4636
7492	4666
7493	4672
7494	4675
7495	4721
7496	4745
7497	4777
7498	4780
7499	4818
7500	4847
7501	4926
7502	4961
7503	4962
7504	5068
7505	5071
7506	5073
7507	5081
7508	5112
7509	5178
7510	5209
7511	5237
7512	5240
7513	5278
7514	5285
7515	5297
7516	5321
7517	5322
7518	5324
7519	5328
7520	5337
7521	5345
7522	5390
7523	5416
7524	5422
7525	5424
7526	5437
7527	5461
7528	5471
7529	5483
7530	5521
7531	5562
7532	5625
7533	5633
7534	5635
7535	5636
7536	5663
7537	5678
7538	5685
7539	5688
7540	5817
7541	5829
7542	5880
7543	5896
7544	5968
7545	5994
7546	6033
7547	6036
7548	6039
7549	6078
7550	6116
7551	6141
7552	6159
7553	6162
7554	6195
7555	6216
7556	6222
7557	6268
7558	6269
7559	6280
7560	6295
7561	6308
7562	6314
7563	6315
7564	6349
7565	6442
7566	6493
7567	6510
7568	6517
7569	6542
7570	6547
7571	6549
7572	6560
7573	6563
7574	6574
7575	6582
7576	6598
7577	6616
7578	6628
7579	6631
7580	6670
7581	6689
7582	6696
7583	6699
7584	6718
7585	6720
7586	6780
7587	6797
7588	6809
7589	6810
7590	6812
7591	6816
7592	6851
7593	6883
7594	6898
7595	6954
7596	7033
7597	7165
7598	7175
7599	7176
7600	7193
7601	7248
7602	7251
7603	7315
7604	7340
7605	7348
7606	7364
7607	7390
7608	8119
7609	8587
7610	8915
7611	8919
7612	8952
7613	8954
7614	25834
7615	30820
7616	31162
7617	32116
7618	33725
7619	33826
7620	33838
7621	34540
7622	41527
7623	42602
7624	43912
7625	45062
7626	45635
7627	46347
7628	46559
7629	48319
7630	48560
7631	49132
7632	49280
7633	49957
7634	50792
7635	51694
7636	52299
7637	52668
7638	52724
7639	52784
7640	53447
7641	54771
7642	55110
7643	55250
7644	56908
7645	58879
7646	59037
7647	60128
7648	60141
7649	61401
7650	70862
7651	76763
7652	95135
7653	112940
7654	115828
7655	127130
7656	154358
7657	166024
7658	166568
7659	167570
7660	169992
7661	173205
7662	173209
7663	176423
7664	180045
7665	90374
7666	1412
7667	2807
7668	4093
7669	27704
7670	50851
7671	69860
7672	79677
7673	85394
7674	86668
7675	89580
7676	90943
7677	97866
7678	6210
7679	8337
7680	8577
7681	26693
7682	59295
7683	2665
7684	3447
7685	3973
7686	4190
7687	4802
7688	4925
7689	4939
7690	5063
7691	136469
7692	91325
7693	6055
7694	6347
7695	6348
7696	6597
7697	5532
7698	7306
7699	8588
7700	27708
7701	33893
7702	45503
7703	66090
7704	68347
7705	71902
7706	80880
7707	89208
7708	92348
7709	568
7710	1675
7711	2540
7712	4453
7713	4743
7714	5409
7715	5580
7716	5675
7717	5787
7718	6992
7719	7017
7720	7192
7721	8782
7722	30898
7723	36276
7724	43708
7725	8690
7726	4402
7727	96430
7728	941
7729	1839
7730	2368
7731	2520
7732	2521
7733	2523
7734	2693
7735	2887
7736	3057
7737	3276
7738	3284
7739	3390
7740	3596
7741	3933
7742	4051
7743	4156
7744	4198
7745	4212
7746	4397
7747	4526
7748	4630
7749	4660
7750	4756
7751	4775
7752	4952
7753	4981
7754	5250
7755	5334
7756	5356
7757	5490
7758	5700
7759	5752
7760	5779
7761	5915
7762	6302
7763	6424
7764	6427
7765	6476
7766	6514
7767	6760
7768	6798
7769	6814
7770	7101
7771	7245
7772	7372
7773	8136
7774	8137
7775	8447
7776	8743
7777	26152
7778	26386
7779	26464
7780	26700
7781	31000
7782	32291
7783	34018
7784	37211
7785	43558
7786	48262
7787	49688
7788	50064
7789	53453
7790	53808
7791	55294
7792	58351
7793	61123
7794	61289
7795	63393
7796	65135
7797	66785
7798	67361
7799	69118
7800	69453
7801	69604
7802	70545
7803	71466
7804	71732
7805	72224
7806	72694
7807	73386
7808	75803
7809	75816
7810	77421
7811	78034
7812	78116
7813	79259
7814	79590
7815	79879
7816	79946
7817	80241
7818	80864
7819	81949
7820	82093
7821	82095
7822	82527
7823	83374
7824	84696
7825	84950
7826	85025
7827	85399
7828	86028
7829	86593
7830	87876
7831	88672
7832	89305
7833	89343
7834	89388
7835	89427
7836	90343
7837	90719
7838	90738
7839	91273
7840	91688
7841	91873
7842	91935
7843	92198
7844	92665
7845	93242
7846	93980
7847	93982
7848	94011
7849	94323
7850	94494
7851	94896
7852	94919
7853	95201
7854	95508
7855	95744
7856	96114
7857	96281
7858	96530
7859	96726
7860	97328
7861	97742
7862	97858
7863	97870
7864	97936
7865	98160
7866	98175
7867	98230
7868	98296
7869	98836
7870	98908
7871	99005
7872	99415
7873	99574
7874	99846
7875	99992
7876	100226
7877	100304
7878	100326
7879	100487
7880	101360
7881	101529
7882	101577
7883	101884
7884	101895
7885	102025
7886	102165
7887	102278
7888	102819
7889	102880
7890	103221
7891	103502
7892	103543
7893	103755
7894	103865
7895	104078
7896	104129
7897	104760
7898	104906
7899	105121
7900	105755
7901	106330
7902	106438
7903	106542
7904	106883
7905	107702
7906	107945
7907	107962
7908	108188
7909	108601
7910	108715
7911	109183
7912	109191
7913	109295
7914	109317
7915	109372
7916	109416
7917	110611
7918	110655
7919	110826
7920	111663
7921	111680
7922	111795
7923	112303
7924	112749
7925	113186
7926	113225
7927	113350
7928	113416
7929	113532
7930	114028
7931	114601
7932	114925
7933	115151
7934	115170
7935	115216
7936	116207
7937	116413
7938	116419
7939	116849
7940	116985
7941	117107
7942	117511
7943	118248
7944	118326
7945	118354
7946	118512
7947	118702
7948	118814
7949	118924
7950	118997
7951	119068
7952	119655
7953	120637
7954	120783
7955	122490
7956	122932
7957	124859
7958	125221
7959	126420
7960	127132
7961	127136
7962	127194
7963	127319
7964	128592
7965	129250
7966	129333
7967	129657
7968	129659
7969	130083
7970	131480
7971	132333
7972	132462
7973	132488
7974	132618
7975	133195
7976	133281
7977	133365
7978	133377
7979	133545
7980	133782
7981	133798
7982	134021
7983	134158
7984	134859
7985	136654
7986	136664
7987	136778
7988	136786
7989	136800
7990	136816
7991	136859
7992	137517
7993	138546
7994	139052
7995	139415
7996	139857
7997	140237
7998	140525
7999	140850
8000	141422
8001	142424
8002	143001
8003	143255
8004	143257
8005	143410
8006	143472
8007	144262
8008	144620
8009	144714
8010	144716
8011	145150
8012	146688
8013	146730
8014	148482
8015	148592
8016	148709
8017	149590
8018	149612
8019	150401
8020	150604
8021	151315
8022	151317
8023	151501
8024	151559
8025	151653
8026	151745
8027	151777
8028	152085
8029	152105
8030	152658
8031	154065
8032	155358
8033	155659
8034	155743
8035	155892
8036	156553
8037	156706
8038	157122
8039	157130
8040	157172
8041	157200
8042	157270
8043	157340
8044	157407
8045	157432
8046	158022
8047	158956
8048	159077
8049	159193
8050	159690
8051	160440
8052	160573
8053	160646
8054	160730
8055	161290
8056	161830
8057	161918
8058	162828
8059	164375
8060	164647
8061	164753
8062	165075
8063	165139
8064	165343
8065	165347
8066	168350
8067	168456
8068	169180
8069	173751
8070	3568
8071	2839
8072	3240
8073	3241
8074	3756
8075	3787
8076	1341
8077	706
8078	89039
8079	1757
8080	2677
8081	3859
8082	3989
8083	4236
8084	4863
8085	4977
8086	5205
8087	5212
8088	5224
8089	5239
8090	5986
8091	6064
8092	6466
8093	6528
8094	6611
8095	6775
8096	6935
8097	6945
8098	6966
8099	7181
8100	7620
8101	7767
8102	7786
8103	7920
8104	8620
8105	8848
8106	26359
8107	26838
8108	27563
8109	32582
8110	38198
8111	45382
8112	46855
8113	55156
8114	58191
8115	67665
8116	71640
8117	82857
8118	89090
8119	100556
8120	103107
8121	105835
8122	109161
8123	148982
8124	151311
8125	152711
8126	160644
8127	162414
8128	164655
8129	167064
8130	179813
8131	183199
8132	183317
8133	184721
8134	187717
8135	188189
8136	189713
8137	56169
8138	59738
8139	60832
8140	74530
8141	74580
8142	90384
8143	3723
8144	2493
8145	451
8146	1180
8147	3405
8148	3619
8149	3658
8150	3832
8151	96
8152	488
8153	638
8154	907
8155	929
8156	956
8157	959
8158	970
8159	976
8160	982
8161	993
8162	1068
8163	1398
8164	1413
8165	1423
8166	1496
8167	1507
8168	1629
8169	1650
8170	1893
8171	1902
8172	1913
8173	1926
8174	1928
8175	1932
8176	1933
8177	1940
8178	2177
8179	2179
8180	2180
8181	2185
8182	2187
8183	2201
8184	2211
8185	2611
8186	2612
8187	2652
8188	2697
8189	2743
8190	2757
8191	2801
8192	2927
8193	2929
8194	2930
8195	3109
8196	3112
8197	3125
8198	3135
8199	3211
8200	3281
8201	3475
8202	3609
8203	3641
8204	3714
8205	3715
8206	3739
8207	3789
8208	3816
8209	3870
8210	3965
8211	3966
8212	4046
8213	4080
8214	4113
8215	4129
8216	4164
8217	4171
8218	4184
8219	4189
8220	4204
8221	4218
8222	4292
8223	4296
8224	4433
8225	4484
8226	4495
8227	4521
8228	4578
8229	4589
8230	4635
8231	4704
8232	4769
8233	4796
8234	4798
8235	4801
8236	4804
8237	4860
8238	4871
8239	4970
8240	4998
8241	5007
8242	5012
8243	5077
8244	5114
8245	5116
8246	5168
8247	5213
8248	5231
8249	5311
8250	5353
8251	5375
8252	5384
8253	5440
8254	5455
8255	5512
8256	5525
8257	5581
8258	5601
8259	5602
8260	5604
8261	5629
8262	5649
8263	5694
8264	5755
8265	5771
8266	5799
8267	5801
8268	5802
8269	5826
8270	5836
8271	5863
8272	5875
8273	5963
8274	6020
8275	6031
8276	6042
8277	6090
8278	6101
8279	6163
8280	6178
8281	6181
8282	6201
8283	6225
8284	6228
8285	6232
8286	6245
8287	6273
8288	6289
8289	6336
8290	6357
8291	6376
8292	6382
8293	6390
8294	6400
8295	6407
8296	6422
8297	6434
8298	6454
8299	6477
8300	6515
8301	6527
8302	6545
8303	6581
8304	6584
8305	6592
8306	6603
8307	6609
8308	6614
8309	6660
8310	6667
8311	6732
8312	6768
8313	6770
8314	6772
8315	6788
8316	6837
8317	6909
8318	6911
8319	6912
8320	6948
8321	6962
8322	6965
8323	6970
8324	6982
8325	6984
8326	6990
8327	7012
8328	7019
8329	7049
8330	7051
8331	7052
8332	7053
8333	7055
8334	7057
8335	7058
8336	7059
8337	7061
8338	7062
8339	7070
8340	7073
8341	7074
8342	7075
8343	7079
8344	7082
8345	7083
8346	7085
8347	7086
8348	7092
8349	7093
8350	7141
8351	7167
8352	7177
8353	7190
8354	7211
8355	7212
8356	7217
8357	7219
8358	7223
8359	7326
8360	7357
8361	7382
8362	7414
8363	7479
8364	7560
8365	7572
8366	7579
8367	7584
8368	7618
8369	7702
8370	7705
8371	7713
8372	7714
8373	7716
8374	7727
8375	7772
8376	7789
8377	7822
8378	7826
8379	7831
8380	7832
8381	7833
8382	7835
8383	7839
8384	7840
8385	7882
8386	7883
8387	7888
8388	7896
8389	7900
8390	7944
8391	8019
8392	8057
8393	8094
8394	8125
8395	8153
8396	8167
8397	8191
8398	8232
8399	8275
8400	8293
8401	8302
8402	8331
8403	8336
8404	8338
8405	8375
8406	8382
8407	8385
8408	8410
8409	8424
8410	8446
8411	8450
8412	8451
8413	8458
8414	8459
8415	8461
8416	8462
8417	8463
8418	8465
8419	8481
8420	8482
8421	8487
8422	8492
8423	8502
8424	8518
8425	8521
8426	8534
8427	8575
8428	8591
8429	8611
8430	8617
8431	8650
8432	8684
8433	8711
8434	8712
8435	8714
8436	8730
8437	8753
8438	8754
8439	8771
8440	8773
8441	8774
8442	8778
8443	8809
8444	8813
8445	8875
8446	8920
8447	8921
8448	8938
8449	8943
8450	8955
8451	8979
8452	8987
8453	8989
8454	25752
8455	25753
8456	25757
8457	25769
8458	25795
8459	25826
8460	25850
8461	25865
8462	25870
8463	25927
8464	25940
8465	25952
8466	25962
8467	25996
8468	25999
8469	26791
8470	26965
8471	31030
8472	31083
8473	31260
8474	31694
8475	31903
8476	34359
8477	35015
8478	42740
8479	43333
8480	44511
8481	48741
8482	49666
8483	50160
8484	50514
8485	53921
8486	55071
8487	55687
8488	56563
8489	3720
8490	4454
8491	4557
8492	4725
8493	5069
8494	5348
8495	6148
8496	7335
8497	8126
8498	27537
8499	31660
8500	42422
8501	68945
8502	72308
8503	78746
8504	82242
8505	2362
8506	3428
8507	4111
8508	4410
8509	4831
8510	5197
8511	5365
8512	5389
8513	5448
8514	5651
8515	5773
8516	6436
8517	6853
8518	8131
8519	27830
8520	32294
8521	36477
8522	37844
8523	43914
8524	44197
8525	47646
8526	2068
8527	6320
8528	8268
8529	2483
8530	8632
8531	27370
8532	31617
8533	36397
8534	68522
8535	72554
8536	88448
8537	89586
8538	90863
8539	91890
8540	93723
8541	94810
8542	95939
8543	96283
8544	97665
8545	99087
8546	100068
8547	101765
8548	105325
8549	109941
8550	109971
8551	112316
8552	115065
8553	4759
8554	5786
8555	8593
8556	71268
8557	93320
8558	26900
8559	40597
8560	54796
8561	72874
8562	73501
8563	77881
8564	79299
8565	79536
8566	80454
8567	80551
8568	84553
8569	86000
8570	87413
8571	91488
8572	92730
8573	94130
8574	50954
8575	78160
8576	78544
8577	180231
8578	103
8579	467
8580	876
8581	1170
8582	73290
8583	140523
8584	131739
8585	56286
8586	449
8587	1824
8588	1910
8589	7455
8590	32914
8591	46231
8592	79798
8593	6596
8594	6927
8595	68269
8596	5613
8597	26958
8598	50796
8599	65193
8600	74677
8601	80834
8602	82088
8603	84847
8604	89678
8605	90809
8606	91266
8607	91337
8608	93134
8609	93988
8610	94799
8611	95193
8612	110781
8613	117133
8614	126142
8615	129229
8616	130073
8617	136838
8618	136840
8619	34148
8620	6145
8621	1335
8622	1978
8623	2878
8624	3294
8625	4202
8626	5041
8627	5189
8628	5704
8629	5797
8630	6746
8631	6821
8632	7477
8633	7730
8634	7891
8635	8894
8636	26198
8637	31150
8638	38583
8639	40478
8640	62586
8641	124484
8642	135216
8643	136958
8644	141994
8645	149330
8646	158830
8647	159510
8648	160571
8649	167538
8650	168358
8651	180263
8652	182727
8653	184931
8654	184987
8655	185033
8656	185473
8657	186587
8658	187031
8659	188797
8660	4646
8661	8772
8662	26761
8663	83270
8664	88267
8665	91414
8666	93740
8667	96471
8668	96518
8669	96520
8670	97194
8671	107780
8672	121099
8673	144352
8674	152037
8675	160422
8676	162590
8677	165489
8678	7266
8679	32469
8680	27006
8681	27369
8682	66544
8683	79006
8684	120130
8685	8264
8686	91869
8687	96150
8688	98122
8689	106889
8690	120807
8691	127164
8692	134248
8693	146682
8694	148667
8695	159849
8696	163653
8697	164540
8698	39516
8699	135198
8700	176413
8701	176415
8702	2742
8703	3673
8704	3674
8705	4445
8706	5560
8707	4284
8708	125914
8709	27251
8710	36289
8711	51024
8712	53138
8713	53140
8714	58297
8715	64695
8716	69805
8717	73804
8718	76743
8719	83480
8720	85179
8721	85261
8722	91353
8723	112580
8724	116529
8725	116668
8726	116724
8727	128542
8728	134775
8729	135885
8730	144734
8731	150993
8732	164367
8733	2573
8734	55946
8735	121129
8736	2107
8737	626
8738	1986
8739	1990
8740	3626
8741	3939
8742	3940
8743	3941
8744	3942
8745	3958
8746	1477
8747	168712
8748	142056
8749	167296
8750	1825
8751	5059
8752	5513
8753	7457
8754	43684
8755	61257
8756	2820
8757	633
8758	790
8759	1336
8760	1397
8761	1985
8762	2256
8763	2451
8764	2597
8765	2862
8766	3442
8767	3574
8768	3577
8769	3660
8770	3661
8771	3663
8772	3664
8773	3678
8774	3691
8775	5839
8776	5840
8777	6119
8778	26308
8779	31123
8780	37495
8781	38095
8782	48045
8783	54617
8784	59026
8785	68886
8786	73681
8787	81383
8788	96945
8789	105246
8790	109313
8791	111384
8792	130498
8793	141866
8794	142558
8795	148238
8796	148881
8797	154975
8798	6800
8799	105468
8800	168174
8801	4135
8802	26357
8803	27140
8804	27667
8805	73211
8806	99191
8807	100306
8808	43930
8809	44225
8810	47516
8811	61071
8812	62718
8813	70932
8814	72919
8815	74688
8816	77414
8817	78264
8818	80858
8819	82152
8820	90524
8821	94325
8822	95199
8823	96975
8824	100527
8825	115667
8826	128832
8827	139747
8828	50942
8829	5028
8830	8189
8831	8335
8832	8477
8833	25782
8834	26717
8835	26743
8836	40491
8837	51573
8838	57502
8839	70015
8840	71438
8841	81681
8842	82684
8843	92234
8844	92681
8845	99917
8846	101070
8847	102088
8848	102800
8849	104337
8850	104944
8851	109897
8852	110603
8853	113705
8854	114396
8855	114554
8856	114627
8857	117877
8858	122246
8859	122888
8860	132335
8861	134246
8862	135288
8863	136602
8864	141668
8865	142507
8866	150254
8867	151687
8868	152063
8869	152071
8870	153070
8871	156605
8872	166526
8873	166705
8874	170945
8875	176419
8876	179491
8877	179749
8878	179815
8879	1331
8880	1623
8881	1980
8882	2655
8883	2740
8884	2982
8885	3021
8886	3073
8887	430
8888	2538
8889	2623
8890	2629
8891	2415
8892	3143
8893	6751
8894	7395
8895	56389
8896	75446
8897	2965
8898	5767
8899	5828
8900	6342
8901	6583
8902	6692
8903	7349
8904	8092
8905	8236
8906	8427
8907	8494
8908	8800
8909	8844
8910	26819
8911	27373
8912	136556
8913	2738
8914	3403
8915	3414
8916	3449
8917	4710
8918	284
8919	1652
8920	2175
8921	2196
8922	2589
8923	3353
8924	4200
8925	4374
8926	4715
8927	4794
8928	4827
8929	5105
8930	5657
8931	6140
8932	6417
8933	6665
8934	6723
8935	6967
8936	6994
8937	7023
8938	7031
8939	7032
8940	7114
8941	7345
8942	7742
8943	7782
8944	8035
8945	8118
8946	8727
8947	2774
8948	3094
8949	4342
8950	6769
8951	7260
8952	7615
8953	27246
8954	32799
8955	33649
8956	43744
8957	55844
8958	59549
8959	59667
8960	68835
8961	69495
8962	70637
8963	92954
8964	111800
8965	111913
8966	113280
8967	120919
8968	128908
8969	129397
8970	132454
8971	133645
8972	141131
8973	151557
8974	163639
8975	168026
8976	171917
8977	176051
8978	178615
8979	181719
8980	182793
8981	183635
8982	184997
8983	615
8984	1112
8985	4424
8986	113829
8987	114265
8988	124851
8989	478
8990	806
8991	1114
8992	1426
8993	1794
8994	2281
8995	2292
8996	2339
8997	2586
8998	2698
8999	3379
9000	3571
9001	3669
9002	3700
9003	3709
9004	3962
9005	4197
9006	4240
9007	4394
9008	4490
9009	4504
9010	4511
9011	4568
9012	4574
9013	4593
9014	4594
9015	4597
9016	4603
9017	4670
9018	5053
9019	5054
9020	5096
9021	5111
9022	5136
9023	5198
9024	5221
9025	5268
9026	5442
9027	5591
9028	5596
9029	5597
9030	5689
9031	5768
9032	5961
9033	6204
9034	6267
9035	6310
9036	6506
9037	6557
9038	6587
9039	6691
9040	6722
9041	6734
9042	6804
9043	6860
9044	6882
9045	6998
9046	7005
9047	7041
9048	7047
9049	7108
9050	7125
9051	7191
9052	7307
9053	7443
9054	7657
9055	7704
9056	7707
9057	7986
9058	7988
9059	8043
9060	8045
9061	8380
9062	8425
9063	8500
9064	8720
9065	8755
9066	8905
9067	8934
9068	9004
9069	26142
9070	26159
9071	26176
9072	26195
9073	26283
9074	26285
9075	26344
9076	26365
9077	26413
9078	26453
9079	26467
9080	26510
9081	26539
9082	26542
9083	26547
9084	26562
9085	26567
9086	26590
9087	26593
9088	26612
9089	26622
9090	26630
9091	26676
9092	26696
9093	26701
9094	26726
9095	26741
9096	26745
9097	26782
9098	26797
9099	26828
9100	26854
9101	26861
9102	26913
9103	26940
9104	26947
9105	27002
9106	27008
9107	27032
9108	27074
9109	27105
9110	27124
9111	27155
9112	27306
9113	27420
9114	27441
9115	27549
9116	27595
9117	27722
9118	27762
9119	27769
9120	27784
9121	27829
9122	31367
9123	31553
9124	31664
9125	31921
9126	32058
9127	32440
9128	32442
9129	32515
9130	33126
9131	33294
9132	33435
9133	33629
9134	33801
9135	33966
9136	34292
9137	34800
9138	34811
9139	36850
9140	39801
9141	40578
9142	41627
9143	42559
9144	42638
9145	42943
9146	42946
9147	43419
9148	43677
9149	43908
9150	44238
9151	44241
9152	44243
9153	44849
9154	45183
9155	45648
9156	45969
9157	46367
9158	46574
9159	47721
9160	47793
9161	49110
9162	51545
9163	53022
9164	53143
9165	53161
9166	53450
9167	54274
9168	54908
9169	55036
9170	55061
9171	55205
9172	55207
9173	56022
9174	57499
9175	58306
9176	59016
9177	59336
9178	59947
9179	60365
9180	60803
9181	61073
9182	62662
9183	62970
9184	66915
9185	67193
9186	68552
9187	68650
9188	69131
9189	69227
9190	70703
9191	71327
9192	71484
9193	71550
9194	71810
9195	72479
9196	73569
9197	73808
9198	74095
9199	74696
9200	75416
9201	75947
9202	76030
9203	77201
9204	77709
9205	78959
9206	79895
9207	80083
9208	81791
9209	82534
9210	83086
9211	83796
9212	84523
9213	85438
9214	86286
9215	86355
9216	86864
9217	86898
9218	87197
9219	87960
9220	88593
9221	88697
9222	89085
9223	89862
9224	90243
9225	90428
9226	90945
9227	91571
9228	91981
9229	92309
9230	92674
9231	93208
9232	93502
9233	94122
9234	95145
9235	95163
9236	95165
9237	95499
9238	95519
9239	95717
9240	95771
9241	95780
9242	95839
9243	95965
9244	97230
9245	97950
9246	98499
9247	98503
9248	98623
9249	98697
9250	98799
9251	99638
9252	101074
9253	101423
9254	102590
9255	102735
9256	102749
9257	102852
9258	103027
9259	103245
9260	103366
9261	103609
9262	104017
9263	104837
9264	105020
9265	105720
9266	107999
9267	108090
9268	108192
9269	110541
9270	111785
9271	112326
9272	113849
9273	114126
9274	115819
9275	116044
9276	116169
9277	116941
9278	116963
9279	117630
9280	118290
9281	119218
9282	119828
9283	120827
9284	121035
9285	122260
9286	122433
9287	122627
9288	123310
9289	128197
9290	128736
9291	129779
9292	131578
9293	132084
9294	132362
9295	135787
9296	136012
9297	136297
9298	137218
9299	137345
9300	137859
9301	138702
9302	139130
9303	139859
9304	140852
9305	144522
9306	145724
9307	145745
9308	151479
9309	151781
9310	153236
9311	156675
9312	157865
9313	158388
9314	158874
9315	159061
9316	159403
9317	160978
9318	161008
9319	161032
9320	161044
9321	163809
9322	165529
9323	167706
9324	168608
9325	169670
9326	169904
9327	169958
9328	170297
9329	170551
9330	171695
9331	172229
9332	172233
9333	172253
9334	173873
9335	174727
9336	178129
9337	179053
9338	181315
9339	183301
9340	2800
9341	25905
9342	25923
9343	25947
9344	46664
9345	59131
9346	141846
9347	77
9348	108
9349	149
9350	184
9351	301
9352	320
9353	495
9354	506
9355	526
9356	602
9357	645
9358	649
9359	803
9360	1053
9361	1119
9362	1310
9363	1349
9364	1475
9365	1514
9366	1549
9367	1585
9368	1612
9369	1613
9370	1759
9371	2008
9372	2104
9373	2283
9374	2304
9375	2417
9376	2435
9377	2512
9378	2544
9379	2577
9380	2609
9381	2620
9382	2725
9383	2727
9384	2813
9385	2865
9386	2885
9387	2892
9388	2972
9389	3002
9390	3183
9391	3303
9392	3344
9393	3374
9394	3459
9395	3514
9396	3531
9397	3586
9398	3637
9399	3655
9400	3792
9401	4420
9402	4428
9403	4436
9404	4690
9405	4695
9406	4705
9407	4766
9408	4786
9409	4810
9410	117
9411	220
9412	285
9413	311
9414	636
9415	1654
9416	27036
9417	35347
9418	47384
9419	54686
9420	65359
9421	66240
9422	71160
9423	72165
9424	72982
9425	202
9426	263
9427	563
9428	573
9429	579
9430	583
9431	632
9432	961
9433	1117
9434	1156
9435	1493
9436	1857
9437	2156
9438	2207
9439	2388
9440	2481
9441	2503
9442	2897
9443	3010
9444	3289
9445	3295
9446	3640
9447	3808
9448	3920
9449	4357
9450	4395
9451	4615
9452	4653
9453	4671
9454	4689
9455	4828
9456	4840
9457	4883
9458	5269
9459	5372
9460	5503
9461	5550
9462	5614
9463	5720
9464	5733
9465	5741
9466	5742
9467	5849
9468	5856
9469	5922
9470	5929
9471	5975
9472	5990
9473	6070
9474	6107
9475	6111
9476	6182
9477	6202
9478	6237
9479	6415
9480	6449
9481	6516
9482	6553
9483	6573
9484	6578
9485	6644
9486	6671
9487	6782
9488	6789
9489	6803
9490	6961
9491	6973
9492	7037
9493	7109
9494	7131
9495	7292
9496	7344
9497	7487
9498	7916
9499	8391
9500	8454
9501	8456
9502	8601
9503	8685
9504	8713
9505	8933
9506	8964
9507	25805
9508	25833
9509	25946
9510	26038
9511	26394
9512	26527
9513	26599
9514	26777
9515	26796
9516	26875
9517	26985
9518	27178
9519	27255
9520	27627
9521	27644
9522	27744
9523	30890
9524	30994
9525	31309
9526	31973
9527	32234
9528	32600
9529	32620
9530	32649
9531	32728
9532	32862
9533	33237
9534	33310
9535	41014
9536	44189
9537	44301
9538	47202
9539	47538
9540	47774
9541	48032
9542	48214
9543	50354
9544	50356
9545	51314
9546	55805
9547	56333
9548	58783
9549	68480
9550	68872
9551	69224
9552	72603
9553	241
9554	2737
9555	5901
9556	7377
9557	8667
9558	32302
9559	51903
9560	137
9561	1054
9562	3945
9563	4497
9564	5275
9565	5953
9566	6009
9567	6095
